2.000000000000000000e+03
1.897435897435897459e+03
1.794871794871794918e+03
1.692307692307692378e+03
1.589743589743589837e+03
1.487179487179487296e+03
1.384615384615384528e+03
1.282051282051281987e+03
1.179487179487179446e+03
1.076923076923076906e+03
9.743589743589743648e+02
8.717948717948718240e+02
7.692307692307690559e+02
6.666666666666665151e+02
5.641025641025639743e+02
4.615384615384614335e+02
3.589743589743588927e+02
2.564102564102563520e+02
1.538461538461538112e+02
5.128205128205127039e+01
-5.128205128205127039e+01
-1.538461538461538112e+02
-2.564102564102563520e+02
-3.589743589743588927e+02
-4.615384615384618883e+02
-5.641025641025644290e+02
-6.666666666666669698e+02
-7.692307692307695106e+02
-8.717948717948720514e+02
-9.743589743589745922e+02
-1.076923076923077133e+03
-1.179487179487179674e+03
-1.282051282051282215e+03
-1.384615384615384755e+03
-1.487179487179487296e+03
-1.589743589743589837e+03
-1.692307692307692378e+03
-1.794871794871794918e+03
-1.897435897435897459e+03
-2.000000000000000000e+03
