2.358220000000000027e+02
2.360399999999999920e+02
2.362580000000000098e+02
2.364759999999999991e+02
2.366939999999999884e+02
2.369120000000000061e+02
2.371299999999999955e+02
2.373480000000000132e+02
2.375660000000000025e+02
2.377839999999999918e+02
2.380020000000000095e+02
2.382199999999999989e+02
2.384379999999999882e+02
2.386560000000000059e+02
2.388739999999999952e+02
2.390920000000000130e+02
2.393100000000000023e+02
2.395279999999999916e+02
2.397460000000000093e+02
2.399639999999999986e+02
2.401819999999999879e+02
2.404000000000000057e+02
2.406179999999999950e+02
2.408360000000000127e+02
2.410529999999999973e+02
2.412709999999999866e+02
2.414890000000000043e+02
2.417069999999999936e+02
2.419250000000000114e+02
2.421430000000000007e+02
2.423600000000000136e+02
2.425780000000000030e+02
2.427959999999999923e+02
2.430140000000000100e+02
2.432309999999999945e+02
2.434490000000000123e+02
2.436670000000000016e+02
2.438849999999999909e+02
2.441020000000000039e+02
2.443199999999999932e+02
2.445380000000000109e+02
2.447560000000000002e+02
2.449730000000000132e+02
2.451910000000000025e+02
2.454089999999999918e+02
2.456260000000000048e+02
2.458439999999999941e+02
2.460620000000000118e+02
2.462789999999999964e+02
2.464970000000000141e+02
2.467139999999999986e+02
2.469319999999999879e+02
2.471500000000000057e+02
2.473669999999999902e+02
2.475850000000000080e+02
2.478019999999999925e+02
2.480200000000000102e+02
2.482369999999999948e+02
2.484550000000000125e+02
2.486719999999999970e+02
2.488899999999999864e+02
2.491069999999999993e+02
2.493249999999999886e+02
2.495420000000000016e+02
2.497599999999999909e+02
2.499770000000000039e+02
2.501949999999999932e+02
2.504120000000000061e+02
2.506299999999999955e+02
2.508470000000000084e+02
2.510649999999999977e+02
2.512820000000000107e+02
2.514989999999999952e+02
2.517170000000000130e+02
2.519339999999999975e+02
2.521510000000000105e+02
2.523689999999999998e+02
2.525860000000000127e+02
2.528029999999999973e+02
2.530209999999999866e+02
2.532379999999999995e+02
2.534550000000000125e+02
2.536730000000000018e+02
2.538899999999999864e+02
2.541069999999999993e+02
2.543240000000000123e+02
2.545420000000000016e+02
2.547589999999999861e+02
2.549759999999999991e+02
2.551930000000000121e+02
2.554110000000000014e+02
2.556279999999999859e+02
2.558449999999999989e+02
2.560620000000000118e+02
2.562789999999999964e+02
2.564970000000000141e+02
2.567139999999999986e+02
2.569309999999999832e+02
2.571480000000000246e+02
2.573650000000000091e+02
2.575819999999999936e+02
2.577989999999999782e+02
2.580160000000000196e+02
2.582330000000000041e+02
2.584510000000000218e+02
2.586680000000000064e+02
2.588849999999999909e+02
2.591019999999999754e+02
2.593190000000000168e+02
2.595360000000000014e+02
2.597529999999999859e+02
2.599700000000000273e+02
2.601870000000000118e+02
2.604039999999999964e+02
2.606209999999999809e+02
2.608380000000000223e+02
2.610550000000000068e+02
2.612719999999999914e+02
2.614879999999999995e+02
2.617049999999999841e+02
2.619220000000000255e+02
2.621390000000000100e+02
2.623559999999999945e+02
2.625729999999999791e+02
2.627900000000000205e+02
2.630070000000000050e+02
2.632239999999999895e+02
2.634399999999999977e+02
2.636569999999999823e+02
2.638740000000000236e+02
2.640910000000000082e+02
2.643079999999999927e+02
2.645240000000000009e+02
2.647409999999999854e+02
2.649580000000000268e+02
2.651750000000000114e+02
2.653910000000000196e+02
2.656080000000000041e+02
2.658249999999999886e+02
2.660419999999999732e+02
2.662579999999999814e+02
2.664750000000000227e+02
2.666920000000000073e+02
2.669080000000000155e+02
2.671250000000000000e+02
2.673419999999999845e+02
2.675579999999999927e+02
2.677749999999999773e+02
2.679920000000000186e+02
2.682080000000000268e+02
2.684250000000000114e+02
2.686410000000000196e+02
2.688580000000000041e+02
2.690749999999999886e+02
2.692909999999999968e+02
2.695079999999999814e+02
2.697239999999999895e+02
2.699409999999999741e+02
2.701569999999999823e+02
2.703740000000000236e+02
2.705899999999999750e+02
2.708070000000000164e+02
2.710230000000000246e+02
2.712400000000000091e+02
2.714560000000000173e+02
2.716730000000000018e+02
2.718890000000000100e+02
2.721059999999999945e+02
2.723220000000000027e+02
2.725380000000000109e+02
2.727549999999999955e+02
2.729710000000000036e+02
2.731879999999999882e+02
2.734039999999999964e+02
2.736200000000000045e+02
2.738369999999999891e+02
2.740529999999999973e+02
2.742690000000000055e+02
2.744859999999999900e+02
2.747019999999999982e+02
2.749180000000000064e+02
2.751349999999999909e+02
2.753509999999999991e+02
2.755670000000000073e+02
2.757830000000000155e+02
2.760000000000000000e+02
2.762160000000000082e+02
2.764320000000000164e+02
2.766480000000000246e+02
2.768639999999999759e+02
2.770810000000000173e+02
2.772970000000000255e+02
2.775129999999999768e+02
2.777289999999999850e+02
2.779449999999999932e+02
2.781610000000000014e+02
2.783779999999999859e+02
2.785939999999999941e+02
2.788100000000000023e+02
2.790260000000000105e+02
2.792420000000000186e+02
2.794580000000000268e+02
2.796739999999999782e+02
2.798899999999999864e+02
2.801059999999999945e+02
2.803220000000000027e+02
2.805380000000000109e+02
2.807540000000000191e+02
2.809700000000000273e+02
2.811859999999999786e+02
2.814019999999999868e+02
2.816179999999999950e+02
2.818340000000000032e+02
2.820500000000000114e+02
2.822660000000000196e+02
2.824820000000000277e+02
2.826979999999999791e+02
2.829139999999999873e+02
2.831299999999999955e+02
2.833460000000000036e+02
2.835620000000000118e+02
2.837780000000000200e+02
2.839929999999999950e+02
2.842090000000000032e+02
2.844250000000000114e+02
2.846410000000000196e+02
2.848570000000000277e+02
2.850729999999999791e+02
2.852880000000000109e+02
2.855040000000000191e+02
2.857200000000000273e+02
2.859359999999999786e+02
2.861510000000000105e+02
2.863670000000000186e+02
2.865830000000000268e+02
2.867989999999999782e+02
2.870140000000000100e+02
2.872300000000000182e+02
2.874460000000000264e+02
2.876619999999999777e+02
2.878770000000000095e+02
2.880930000000000177e+02
2.883079999999999927e+02
2.885240000000000009e+02
2.887400000000000091e+02
2.889549999999999841e+02
2.891709999999999923e+02
2.893870000000000005e+02
2.896019999999999754e+02
2.898179999999999836e+02
2.900330000000000155e+02
2.902490000000000236e+02
2.904639999999999986e+02
2.906800000000000068e+02
2.908960000000000150e+02
2.911109999999999900e+02
2.913269999999999982e+02
2.915419999999999732e+02
2.917579999999999814e+02
2.919730000000000132e+02
2.921879999999999882e+02
2.924039999999999964e+02
2.926190000000000282e+02
2.928349999999999795e+02
2.930500000000000114e+02
2.932660000000000196e+02
2.934809999999999945e+02
2.936960000000000264e+02
2.939119999999999777e+02
2.941270000000000095e+02
2.943430000000000177e+02
2.945579999999999927e+02
2.947730000000000246e+02
2.949889999999999759e+02
2.952040000000000077e+02
2.954189999999999827e+02
2.956340000000000146e+02
2.958500000000000227e+02
2.960649999999999977e+02
2.962799999999999727e+02
2.964959999999999809e+02
2.967110000000000127e+02
2.969259999999999877e+02
2.971410000000000196e+02
2.973559999999999945e+02
2.975720000000000027e+02
2.977869999999999777e+02
2.980020000000000095e+02
2.982169999999999845e+02
2.984320000000000164e+02
2.986480000000000246e+02
2.988629999999999995e+02
2.990779999999999745e+02
2.992930000000000064e+02
2.995079999999999814e+02
2.997230000000000132e+02
2.999379999999999882e+02
3.001530000000000200e+02
3.003679999999999950e+02
3.005830000000000268e+02
3.007980000000000018e+02
3.010129999999999768e+02
3.012280000000000086e+02
3.014429999999999836e+02
3.016580000000000155e+02
3.018729999999999905e+02
3.020880000000000223e+02
3.023029999999999973e+02
3.025179999999999723e+02
3.027330000000000041e+02
3.029479999999999791e+02
3.031630000000000109e+02
3.033779999999999859e+02
3.035930000000000177e+02
3.038079999999999927e+02
3.040230000000000246e+02
3.042379999999999995e+02
3.044519999999999982e+02
3.046669999999999732e+02
3.048820000000000050e+02
3.050969999999999800e+02
3.053120000000000118e+02
3.055269999999999868e+02
3.057409999999999854e+02
3.059560000000000173e+02
3.061709999999999923e+02
3.063860000000000241e+02
3.066000000000000227e+02
3.068149999999999977e+02
3.070299999999999727e+02
3.072450000000000045e+02
3.074590000000000032e+02
3.076739999999999782e+02
3.078890000000000100e+02
3.081030000000000086e+02
3.083179999999999836e+02
3.085330000000000155e+02
3.087470000000000141e+02
3.089619999999999891e+02
3.091770000000000209e+02
3.093910000000000196e+02
3.096059999999999945e+02
3.098199999999999932e+02
3.100350000000000250e+02
3.102500000000000000e+02
3.104639999999999986e+02
3.106789999999999736e+02
3.108929999999999723e+02
3.111080000000000041e+02
3.113220000000000027e+02
3.115369999999999777e+02
3.117509999999999764e+02
3.119660000000000082e+02
3.121800000000000068e+02
3.123949999999999818e+02
3.126089999999999804e+02
3.128240000000000123e+02
3.130380000000000109e+02
3.132520000000000095e+02
3.134669999999999845e+02
3.136809999999999832e+02
3.138960000000000150e+02
3.141100000000000136e+02
3.143240000000000123e+02
3.145389999999999873e+02
3.147529999999999859e+02
3.149669999999999845e+02
3.151820000000000164e+02
3.153960000000000150e+02
3.156100000000000136e+02
3.158249999999999886e+02
3.160389999999999873e+02
3.162529999999999859e+02
3.164669999999999845e+02
3.166820000000000164e+02
3.168960000000000150e+02
3.171100000000000136e+02
3.173240000000000123e+02
3.175389999999999873e+02
3.177529999999999859e+02
3.179669999999999845e+02
3.181809999999999832e+02
3.183949999999999818e+02
3.186089999999999804e+02
3.188229999999999791e+02
3.190380000000000109e+02
3.192520000000000095e+02
3.194660000000000082e+02
3.196800000000000068e+02
3.198940000000000055e+02
3.201080000000000041e+02
3.203220000000000027e+02
3.205360000000000014e+02
3.207500000000000000e+02
3.209639999999999986e+02
3.211779999999999973e+02
3.213919999999999959e+02
3.216059999999999945e+02
3.218199999999999932e+02
3.220339999999999918e+02
3.222479999999999905e+02
3.224619999999999891e+02
3.226759999999999877e+02
3.228899999999999864e+02
3.231039999999999850e+02
3.233179999999999836e+02
3.235319999999999823e+02
3.237459999999999809e+02
3.239590000000000032e+02
3.241730000000000018e+02
3.243870000000000005e+02
3.246009999999999991e+02
3.248149999999999977e+02
3.250289999999999964e+02
3.252420000000000186e+02
3.254560000000000173e+02
3.256700000000000159e+02
3.258840000000000146e+02
3.260980000000000132e+02
3.263109999999999786e+02
3.265249999999999773e+02
3.267389999999999759e+02
3.269529999999999745e+02
3.271659999999999968e+02
3.273799999999999955e+02
3.275939999999999941e+02
3.278070000000000164e+02
3.280210000000000150e+02
3.282350000000000136e+02
3.284479999999999791e+02
3.286619999999999777e+02
3.288750000000000000e+02
3.290889999999999986e+02
3.293029999999999973e+02
3.295160000000000196e+02
3.297300000000000182e+02
3.299429999999999836e+02
3.301569999999999823e+02
3.303709999999999809e+02
3.305840000000000032e+02
3.307980000000000018e+02
3.310110000000000241e+02
3.312250000000000227e+02
3.314379999999999882e+02
3.316519999999999868e+02
3.318650000000000091e+02
3.320779999999999745e+02
3.322919999999999732e+02
3.325049999999999955e+02
3.327189999999999941e+02
3.329320000000000164e+02
3.331460000000000150e+02
3.333589999999999804e+02
3.335720000000000027e+02
3.337860000000000014e+02
3.339990000000000236e+02
3.342119999999999891e+02
3.344259999999999877e+02
3.346390000000000100e+02
3.348519999999999754e+02
3.350659999999999741e+02
3.352789999999999964e+02
3.354920000000000186e+02
3.357049999999999841e+02
3.359189999999999827e+02
3.361320000000000050e+02
3.363450000000000273e+02
3.365579999999999927e+02
3.367719999999999914e+02
3.369850000000000136e+02
3.371979999999999791e+02
3.374110000000000014e+02
3.376240000000000236e+02
3.378369999999999891e+02
3.380509999999999877e+02
3.382640000000000100e+02
3.384769999999999754e+02
3.386899999999999977e+02
3.389030000000000200e+02
3.391159999999999854e+02
3.393290000000000077e+02
3.395419999999999732e+02
3.397549999999999955e+02
3.399680000000000177e+02
3.401809999999999832e+02
3.403940000000000055e+02
3.406070000000000277e+02
3.408199999999999932e+02
3.410330000000000155e+02
3.412459999999999809e+02
3.414590000000000032e+02
3.416720000000000255e+02
3.418849999999999909e+02
3.420980000000000132e+02
3.423109999999999786e+02
3.425240000000000009e+02
3.427370000000000232e+02
3.429499999999999886e+02
3.431630000000000109e+02
3.433750000000000000e+02
3.435880000000000223e+02
3.438009999999999877e+02
3.440140000000000100e+02
3.442269999999999754e+02
3.444399999999999977e+02
3.446519999999999868e+02
3.448650000000000091e+02
3.450779999999999745e+02
3.452909999999999968e+02
3.455029999999999859e+02
3.457160000000000082e+02
3.459289999999999736e+02
3.461419999999999959e+02
3.463539999999999850e+02
3.465670000000000073e+02
3.467799999999999727e+02
3.469920000000000186e+02
3.472049999999999841e+02
3.474180000000000064e+02
3.476299999999999955e+02
3.478430000000000177e+02
3.480559999999999832e+02
3.482679999999999723e+02
3.484809999999999945e+02
3.486929999999999836e+02
3.489060000000000059e+02
3.491179999999999950e+02
3.493310000000000173e+02
3.495439999999999827e+02
3.497559999999999718e+02
3.499689999999999941e+02
3.501809999999999832e+02
3.503940000000000055e+02
3.506059999999999945e+02
3.508179999999999836e+02
3.510310000000000059e+02
3.512429999999999950e+02
3.514560000000000173e+02
3.516680000000000064e+02
3.518809999999999718e+02
3.520930000000000177e+02
3.523050000000000068e+02
3.525179999999999723e+02
3.527300000000000182e+02
3.529420000000000073e+02
3.531549999999999727e+02
3.533670000000000186e+02
3.535790000000000077e+02
3.537919999999999732e+02
3.540040000000000191e+02
3.542160000000000082e+02
3.544289999999999736e+02
3.546410000000000196e+02
3.548530000000000086e+02
3.550649999999999977e+02
3.552780000000000200e+02
3.554900000000000091e+02
3.557019999999999982e+02
3.559139999999999873e+02
3.561259999999999764e+02
3.563389999999999986e+02
3.565509999999999877e+02
3.567629999999999768e+02
3.569750000000000227e+02
3.571870000000000118e+02
3.573990000000000009e+02
3.576109999999999900e+02
3.578229999999999791e+02
3.580350000000000250e+02
3.582479999999999905e+02
3.584599999999999795e+02
3.586720000000000255e+02
3.588840000000000146e+02
3.590960000000000036e+02
3.593079999999999927e+02
3.595199999999999818e+02
3.597320000000000277e+02
3.599440000000000168e+02
3.601560000000000059e+02
3.603679999999999950e+02
3.605790000000000077e+02
3.607909999999999968e+02
3.610029999999999859e+02
3.612149999999999750e+02
3.614270000000000209e+02
3.616390000000000100e+02
3.618509999999999991e+02
3.620629999999999882e+02
3.622749999999999773e+02
3.624859999999999900e+02
3.626979999999999791e+02
3.629100000000000250e+02
3.631220000000000141e+02
3.633340000000000032e+02
3.635450000000000159e+02
3.637570000000000050e+02
3.639689999999999941e+02
3.641809999999999832e+02
3.643919999999999959e+02
3.646039999999999850e+02
3.648159999999999741e+02
3.650269999999999868e+02
3.652389999999999759e+02
3.654510000000000218e+02
3.656630000000000109e+02
3.658740000000000236e+02
3.660860000000000127e+02
3.662970000000000255e+02
3.665090000000000146e+02
3.667210000000000036e+02
3.669320000000000164e+02
3.671440000000000055e+02
3.673550000000000182e+02
3.675670000000000073e+02
3.677780000000000200e+02
3.679900000000000091e+02
3.682019999999999982e+02
3.684130000000000109e+02
3.686250000000000000e+02
3.688360000000000127e+02
3.690470000000000255e+02
3.692590000000000146e+02
3.694700000000000273e+02
3.696820000000000164e+02
3.698929999999999723e+02
3.701050000000000182e+02
3.703159999999999741e+02
3.705269999999999868e+02
3.707389999999999759e+02
3.709499999999999886e+02
3.711619999999999777e+02
3.713729999999999905e+02
3.715840000000000032e+02
3.717959999999999923e+02
3.720070000000000050e+02
3.722180000000000177e+02
3.724300000000000068e+02
3.726410000000000196e+02
3.728519999999999754e+02
3.730629999999999882e+02
3.732749999999999773e+02
3.734859999999999900e+02
3.736970000000000027e+02
3.739080000000000155e+02
3.741190000000000282e+02
3.743310000000000173e+02
3.745419999999999732e+02
3.747529999999999859e+02
3.749639999999999986e+02
3.751750000000000114e+02
3.753860000000000241e+02
3.755969999999999800e+02
3.758090000000000259e+02
3.760199999999999818e+02
3.762309999999999945e+02
3.764420000000000073e+02
3.766530000000000200e+02
3.768639999999999759e+02
3.770749999999999886e+02
3.772860000000000014e+02
3.774970000000000141e+02
3.777080000000000268e+02
3.779189999999999827e+02
3.781299999999999955e+02
3.783410000000000082e+02
3.785520000000000209e+02
3.787629999999999768e+02
3.789739999999999895e+02
3.791850000000000023e+02
3.793949999999999818e+02
3.796059999999999945e+02
3.798170000000000073e+02
3.800280000000000200e+02
3.802389999999999759e+02
3.804499999999999886e+02
3.806610000000000014e+02
3.808709999999999809e+02
3.810819999999999936e+02
3.812930000000000064e+02
3.815040000000000191e+02
3.817149999999999750e+02
3.819250000000000114e+02
3.821360000000000241e+02
3.823469999999999800e+02
3.825579999999999927e+02
3.827679999999999723e+02
3.829789999999999850e+02
3.831899999999999977e+02
3.833999999999999773e+02
3.836109999999999900e+02
3.838220000000000027e+02
3.840319999999999823e+02
3.842429999999999950e+02
3.844540000000000077e+02
3.846639999999999873e+02
3.848750000000000000e+02
3.850849999999999795e+02
3.852959999999999923e+02
3.855059999999999718e+02
3.857169999999999845e+02
3.859279999999999973e+02
3.861379999999999768e+02
3.863489999999999895e+02
3.865590000000000259e+02
3.867699999999999818e+02
3.869800000000000182e+02
3.871899999999999977e+02
3.874010000000000105e+02
3.876109999999999900e+02
3.878220000000000027e+02
3.880319999999999823e+02
3.882429999999999950e+02
3.884529999999999745e+02
3.886630000000000109e+02
3.888740000000000236e+02
3.890840000000000032e+02
3.892939999999999827e+02
3.895049999999999955e+02
3.897149999999999750e+02
3.899250000000000114e+02
3.901360000000000241e+02
3.903460000000000036e+02
3.905559999999999832e+02
3.907669999999999959e+02
3.909769999999999754e+02
3.911870000000000118e+02
3.913969999999999914e+02
3.916070000000000277e+02
3.918179999999999836e+02
3.920280000000000200e+02
3.922379999999999995e+02
3.924479999999999791e+02
3.926580000000000155e+02
3.928679999999999950e+02
3.930790000000000077e+02
3.932889999999999873e+02
3.934990000000000236e+02
3.937090000000000032e+02
3.939189999999999827e+02
3.941290000000000191e+02
3.943389999999999986e+02
3.945489999999999782e+02
3.947590000000000146e+02
3.949689999999999941e+02
3.951789999999999736e+02
3.953890000000000100e+02
3.955989999999999895e+02
3.958090000000000259e+02
3.960190000000000055e+02
3.962289999999999850e+02
3.964390000000000214e+02
3.966490000000000009e+02
3.968589999999999804e+02
3.970690000000000168e+02
3.972789999999999964e+02
3.974889999999999759e+02
3.976979999999999791e+02
3.979080000000000155e+02
3.981179999999999950e+02
3.983279999999999745e+02
3.985380000000000109e+02
3.987479999999999905e+02
3.989569999999999936e+02
3.991669999999999732e+02
3.993770000000000095e+02
3.995869999999999891e+02
3.997959999999999923e+02
4.000059999999999718e+02
4.002160000000000082e+02
4.004259999999999877e+02
4.006349999999999909e+02
4.008450000000000273e+02
4.010550000000000068e+02
4.012640000000000100e+02
4.014739999999999895e+02
4.016840000000000259e+02
4.018929999999999723e+02
4.021030000000000086e+02
4.023120000000000118e+02
4.025219999999999914e+02
4.027320000000000277e+02
4.029409999999999741e+02
4.031510000000000105e+02
4.033600000000000136e+02
4.035699999999999932e+02
4.037789999999999964e+02
4.039889999999999759e+02
4.041979999999999791e+02
4.044080000000000155e+02
4.046170000000000186e+02
4.048269999999999982e+02
4.050360000000000014e+02
4.052450000000000045e+02
4.054549999999999841e+02
4.056639999999999873e+02
4.058740000000000236e+02
4.060830000000000268e+02
4.062919999999999732e+02
4.065020000000000095e+02
4.067110000000000127e+02
4.069200000000000159e+02
4.071299999999999955e+02
4.073389999999999986e+02
4.075480000000000018e+02
4.077579999999999814e+02
4.079669999999999845e+02
4.081759999999999877e+02
4.083849999999999909e+02
4.085950000000000273e+02
4.088039999999999736e+02
4.090129999999999768e+02
4.092219999999999800e+02
4.094309999999999832e+02
4.096410000000000196e+02
4.098500000000000227e+02
4.100590000000000259e+02
4.102679999999999723e+02
4.104769999999999754e+02
4.106859999999999786e+02
4.108949999999999818e+02
4.111039999999999850e+02
4.113140000000000214e+02
4.115230000000000246e+02
4.117320000000000277e+02
4.119409999999999741e+02
4.121499999999999773e+02
4.123589999999999804e+02
4.125679999999999836e+02
4.127769999999999868e+02
4.129859999999999900e+02
4.131949999999999932e+02
4.134039999999999964e+02
4.136129999999999995e+02
4.138220000000000027e+02
4.140299999999999727e+02
4.142389999999999759e+02
4.144479999999999791e+02
4.146569999999999823e+02
4.148659999999999854e+02
4.150749999999999886e+02
4.152839999999999918e+02
4.154920000000000186e+02
4.157010000000000218e+02
4.159100000000000250e+02
4.161190000000000282e+02
4.163279999999999745e+02
4.165360000000000014e+02
4.167450000000000045e+02
4.169540000000000077e+02
4.171630000000000109e+02
4.173709999999999809e+02
4.175799999999999841e+02
4.177889999999999873e+02
4.179970000000000141e+02
4.182060000000000173e+02
4.184150000000000205e+02
4.186229999999999905e+02
4.188319999999999936e+02
4.190409999999999968e+02
4.192490000000000236e+02
4.194580000000000268e+02
4.196659999999999968e+02
4.198750000000000000e+02
4.200840000000000032e+02
4.202919999999999732e+02
4.205009999999999764e+02
4.207090000000000032e+02
4.209180000000000064e+02
4.211259999999999764e+02
4.213349999999999795e+02
4.215430000000000064e+02
4.217520000000000095e+02
4.219599999999999795e+02
4.221680000000000064e+02
4.223770000000000095e+02
4.225849999999999795e+02
4.227939999999999827e+02
4.230020000000000095e+02
4.232099999999999795e+02
4.234189999999999827e+02
4.236270000000000095e+02
4.238360000000000127e+02
4.240439999999999827e+02
4.242520000000000095e+02
4.244599999999999795e+02
4.246689999999999827e+02
4.248770000000000095e+02
4.250849999999999795e+02
4.252930000000000064e+02
4.255020000000000095e+02
4.257099999999999795e+02
4.259180000000000064e+02
4.261259999999999764e+02
4.263349999999999795e+02
4.265430000000000064e+02
4.267509999999999764e+02
4.269590000000000032e+02
4.271669999999999732e+02
4.273750000000000000e+02
4.275830000000000268e+02
4.277909999999999968e+02
4.280000000000000000e+02
4.282080000000000268e+02
4.284159999999999968e+02
4.286240000000000236e+02
4.288319999999999936e+02
4.290400000000000205e+02
4.292479999999999905e+02
4.294560000000000173e+02
4.296639999999999873e+02
4.298720000000000141e+02
4.300799999999999841e+02
4.302880000000000109e+02
4.304959999999999809e+02
4.307040000000000077e+02
4.309110000000000014e+02
4.311190000000000282e+02
4.313269999999999982e+02
4.315350000000000250e+02
4.317429999999999950e+02
4.319510000000000218e+02
4.321589999999999918e+02
4.323659999999999854e+02
4.325740000000000123e+02
4.327819999999999823e+02
4.329900000000000091e+02
4.331979999999999791e+02
4.334049999999999727e+02
4.336129999999999995e+02
4.338210000000000264e+02
4.340289999999999964e+02
4.342359999999999900e+02
4.344440000000000168e+02
4.346519999999999868e+02
4.348589999999999804e+02
4.350670000000000073e+02
4.352749999999999773e+02
4.354820000000000277e+02
4.356899999999999977e+02
4.358980000000000246e+02
4.361050000000000182e+02
4.363129999999999882e+02
4.365199999999999818e+02
4.367280000000000086e+02
4.369350000000000023e+02
4.371429999999999723e+02
4.373500000000000227e+02
4.375579999999999927e+02
4.377649999999999864e+02
4.379730000000000132e+02
4.381800000000000068e+02
4.383879999999999768e+02
4.385950000000000273e+02
4.388029999999999973e+02
4.390099999999999909e+02
4.392180000000000177e+02
4.394250000000000114e+02
4.396320000000000050e+02
4.398399999999999750e+02
4.400470000000000255e+02
4.402540000000000191e+02
4.404619999999999891e+02
4.406689999999999827e+02
4.408759999999999764e+02
4.410840000000000032e+02
4.412909999999999968e+02
4.414979999999999905e+02
4.417049999999999841e+02
4.419130000000000109e+02
4.421200000000000045e+02
4.423269999999999982e+02
4.425339999999999918e+02
4.427409999999999854e+02
4.429490000000000123e+02
4.431560000000000059e+02
4.433629999999999995e+02
4.435699999999999932e+02
4.437769999999999868e+02
4.439839999999999804e+02
4.441909999999999741e+02
4.443990000000000009e+02
4.446059999999999945e+02
4.448129999999999882e+02
4.450199999999999818e+02
4.452269999999999754e+02
4.454340000000000259e+02
4.456410000000000196e+02
4.458480000000000132e+02
4.460550000000000068e+02
4.462620000000000005e+02
4.464689999999999941e+02
4.466759999999999877e+02
4.468829999999999814e+02
4.470899999999999750e+02
4.472959999999999923e+02
4.475029999999999859e+02
4.477099999999999795e+02
4.479169999999999732e+02
4.481240000000000236e+02
4.483310000000000173e+02
4.485380000000000109e+02
4.487440000000000282e+02
4.489510000000000218e+02
4.491580000000000155e+02
4.493650000000000091e+02
4.495720000000000027e+02
4.497780000000000200e+02
4.499850000000000136e+02
4.501920000000000073e+02
4.503990000000000009e+02
4.506050000000000182e+02
4.508120000000000118e+02
4.510190000000000055e+02
4.512250000000000227e+02
4.514320000000000164e+02
4.516390000000000100e+02
4.518450000000000273e+02
4.520520000000000209e+02
4.522579999999999814e+02
4.524649999999999750e+02
4.526720000000000255e+02
4.528779999999999859e+02
4.530849999999999795e+02
4.532909999999999968e+02
4.534979999999999905e+02
4.537040000000000077e+02
4.539110000000000014e+02
4.541170000000000186e+02
4.543240000000000123e+02
4.545299999999999727e+02
4.547370000000000232e+02
4.549429999999999836e+02
4.551490000000000009e+02
4.553559999999999945e+02
4.555620000000000118e+02
4.557690000000000055e+02
4.559750000000000227e+02
4.561809999999999832e+02
4.563879999999999768e+02
4.565939999999999941e+02
4.568000000000000114e+02
4.570070000000000050e+02
4.572130000000000223e+02
4.574189999999999827e+02
4.576259999999999764e+02
4.578319999999999936e+02
4.580380000000000109e+02
4.582440000000000282e+02
4.584499999999999886e+02
4.586569999999999823e+02
4.588629999999999995e+02
4.590690000000000168e+02
4.592749999999999773e+02
4.594809999999999945e+02
4.596879999999999882e+02
4.598940000000000055e+02
4.601000000000000227e+02
4.603059999999999832e+02
4.605120000000000005e+02
4.607180000000000177e+02
4.609239999999999782e+02
4.611299999999999955e+02
4.613360000000000127e+02
4.615419999999999732e+02
4.617479999999999905e+02
4.619540000000000077e+02
4.621600000000000250e+02
4.623659999999999854e+02
4.625720000000000027e+02
4.627780000000000200e+02
4.629839999999999804e+02
4.631899999999999977e+02
4.633960000000000150e+02
4.636019999999999754e+02
4.638079999999999927e+02
4.640129999999999768e+02
4.642189999999999941e+02
4.644250000000000114e+02
4.646309999999999718e+02
4.648369999999999891e+02
4.650430000000000064e+02
4.652479999999999905e+02
4.654540000000000077e+02
4.656600000000000250e+02
4.658659999999999854e+02
4.660710000000000264e+02
4.662769999999999868e+02
4.664830000000000041e+02
4.666879999999999882e+02
4.668940000000000055e+02
4.671000000000000227e+02
4.673050000000000068e+02
4.675110000000000241e+02
4.677169999999999845e+02
4.679220000000000255e+02
4.681279999999999859e+02
4.683340000000000032e+02
4.685389999999999873e+02
4.687450000000000045e+02
4.689499999999999886e+02
4.691560000000000059e+02
4.693609999999999900e+02
4.695670000000000073e+02
4.697719999999999914e+02
4.699780000000000086e+02
4.701829999999999927e+02
4.703890000000000100e+02
4.705939999999999941e+02
4.708000000000000114e+02
4.710049999999999955e+02
4.712099999999999795e+02
4.714159999999999968e+02
4.716209999999999809e+02
4.718269999999999982e+02
4.720319999999999823e+02
4.722370000000000232e+02
4.724429999999999836e+02
4.726480000000000246e+02
4.728530000000000086e+02
4.730579999999999927e+02
4.732640000000000100e+02
4.734689999999999941e+02
4.736739999999999782e+02
4.738799999999999955e+02
4.740849999999999795e+02
4.742900000000000205e+02
4.744950000000000045e+02
4.746999999999999886e+02
4.749049999999999727e+02
4.751109999999999900e+02
4.753159999999999741e+02
4.755210000000000150e+02
4.757259999999999991e+02
4.759309999999999832e+02
4.761360000000000241e+02
4.763410000000000082e+02
4.765459999999999923e+02
4.767509999999999764e+02
4.769560000000000173e+02
4.771610000000000014e+02
4.773670000000000186e+02
4.775720000000000027e+02
4.777760000000000105e+02
4.779809999999999945e+02
4.781859999999999786e+02
4.783910000000000196e+02
4.785960000000000036e+02
4.788009999999999877e+02
4.790059999999999718e+02
4.792110000000000127e+02
4.794159999999999968e+02
4.796209999999999809e+02
4.798260000000000218e+02
4.800299999999999727e+02
4.802350000000000136e+02
4.804399999999999977e+02
4.806449999999999818e+02
4.808500000000000227e+02
4.810539999999999736e+02
4.812590000000000146e+02
4.814639999999999986e+02
4.816689999999999827e+02
4.818729999999999905e+02
4.820779999999999745e+02
4.822830000000000155e+02
4.824870000000000232e+02
4.826920000000000073e+02
4.828969999999999914e+02
4.831009999999999991e+02
4.833059999999999832e+02
4.835110000000000241e+02
4.837149999999999750e+02
4.839200000000000159e+02
4.841240000000000236e+02
4.843290000000000077e+02
4.845339999999999918e+02
4.847379999999999995e+02
4.849429999999999836e+02
4.851469999999999914e+02
4.853519999999999754e+02
4.855559999999999832e+02
4.857610000000000241e+02
4.859649999999999750e+02
4.861689999999999827e+02
4.863740000000000236e+02
4.865779999999999745e+02
4.867830000000000155e+02
4.869870000000000232e+02
4.871909999999999741e+02
4.873960000000000150e+02
4.876000000000000227e+02
4.878039999999999736e+02
4.880090000000000146e+02
4.882130000000000223e+02
4.884169999999999732e+02
4.886220000000000141e+02
4.888260000000000218e+02
4.890299999999999727e+02
4.892339999999999804e+02
4.894390000000000214e+02
4.896429999999999723e+02
4.898469999999999800e+02
4.900509999999999877e+02
4.902549999999999955e+02
4.904599999999999795e+02
4.906639999999999873e+02
4.908679999999999950e+02
4.910720000000000027e+02
4.912760000000000105e+02
4.914800000000000182e+02
4.916840000000000259e+02
4.918879999999999768e+02
4.920919999999999845e+02
4.922959999999999923e+02
4.925000000000000000e+02
4.927040000000000077e+02
4.929080000000000155e+02
4.931120000000000232e+02
4.933159999999999741e+02
4.935199999999999818e+02
4.937239999999999895e+02
4.939279999999999973e+02
4.941320000000000050e+02
4.943360000000000127e+02
4.945400000000000205e+02
4.947440000000000282e+02
4.949479999999999791e+02
4.951519999999999868e+02
4.953550000000000182e+02
4.955590000000000259e+02
4.957629999999999768e+02
4.959669999999999845e+02
4.961709999999999923e+02
4.963740000000000236e+02
4.965779999999999745e+02
4.967819999999999823e+02
4.969859999999999900e+02
4.971890000000000214e+02
4.973929999999999723e+02
4.975969999999999800e+02
4.978000000000000114e+02
4.980040000000000191e+02
4.982080000000000268e+02
4.984110000000000014e+02
4.986150000000000091e+02
4.988179999999999836e+02
4.990219999999999914e+02
4.992259999999999991e+02
4.994289999999999736e+02
4.996329999999999814e+02
4.998360000000000127e+02
5.000400000000000205e+02
5.002429999999999950e+02
5.004470000000000027e+02
5.006499999999999773e+02
5.008539999999999850e+02
5.010570000000000164e+02
5.012610000000000241e+02
5.014639999999999986e+02
5.016680000000000064e+02
5.018709999999999809e+02
5.020740000000000123e+02
5.022780000000000200e+02
5.024809999999999945e+02
5.026840000000000259e+02
5.028879999999999768e+02
5.030910000000000082e+02
5.032939999999999827e+02
5.034979999999999905e+02
5.037010000000000218e+02
5.039039999999999964e+02
5.041070000000000277e+02
5.043109999999999786e+02
5.045140000000000100e+02
5.047169999999999845e+02
5.049200000000000159e+02
5.051240000000000236e+02
5.053269999999999982e+02
5.055299999999999727e+02
5.057330000000000041e+02
5.059359999999999786e+02
5.061390000000000100e+02
5.063419999999999845e+02
5.065450000000000159e+02
5.067490000000000236e+02
5.069519999999999982e+02
5.071549999999999727e+02
5.073580000000000041e+02
5.075609999999999786e+02
5.077640000000000100e+02
5.079669999999999845e+02
5.081700000000000159e+02
5.083729999999999905e+02
5.085760000000000218e+02
5.087789999999999964e+02
5.089809999999999945e+02
5.091840000000000259e+02
5.093870000000000005e+02
5.095899999999999750e+02
5.097930000000000064e+02
5.099959999999999809e+02
5.101990000000000123e+02
5.104019999999999868e+02
5.106039999999999850e+02
5.108070000000000164e+02
5.110099999999999909e+02
5.112130000000000223e+02
5.114150000000000205e+02
5.116179999999999950e+02
5.118210000000000264e+02
5.120240000000000009e+02
5.122259999999999991e+02
5.124289999999999736e+02
5.126319999999999482e+02
5.128339999999999463e+02
5.130370000000000346e+02
5.132400000000000091e+02
5.134420000000000073e+02
5.136449999999999818e+02
5.138479999999999563e+02
5.140499999999999545e+02
5.142530000000000427e+02
5.144550000000000409e+02
5.146580000000000155e+02
5.148600000000000136e+02
5.150629999999999882e+02
5.152649999999999864e+02
5.154679999999999609e+02
5.156699999999999591e+02
5.158730000000000473e+02
5.160750000000000455e+02
5.162780000000000200e+02
5.164800000000000182e+02
5.166820000000000164e+02
5.168849999999999909e+02
5.170869999999999891e+02
5.172899999999999636e+02
5.174919999999999618e+02
5.176939999999999600e+02
5.178970000000000482e+02
5.180990000000000464e+02
5.183010000000000446e+02
5.185030000000000427e+02
5.187060000000000173e+02
5.189080000000000155e+02
5.191100000000000136e+02
5.193120000000000118e+02
5.195149999999999864e+02
5.197169999999999845e+02
5.199189999999999827e+02
5.201209999999999809e+02
5.203229999999999791e+02
5.205249999999999773e+02
5.207279999999999518e+02
5.209299999999999500e+02
5.211319999999999482e+02
5.213339999999999463e+02
5.215359999999999445e+02
5.217380000000000564e+02
5.219400000000000546e+02
5.221420000000000528e+02
5.223440000000000509e+02
5.225460000000000491e+02
5.227480000000000473e+02
5.229500000000000455e+02
5.231520000000000437e+02
5.233540000000000418e+02
5.235560000000000400e+02
5.237580000000000382e+02
5.239600000000000364e+02
5.241620000000000346e+02
5.243630000000000564e+02
5.245650000000000546e+02
5.247670000000000528e+02
5.249690000000000509e+02
5.251710000000000491e+02
5.253730000000000473e+02
5.255739999999999554e+02
5.257759999999999536e+02
5.259779999999999518e+02
5.261799999999999500e+02
5.263809999999999718e+02
5.265829999999999700e+02
5.267849999999999682e+02
5.269869999999999663e+02
5.271879999999999882e+02
5.273899999999999864e+02
5.275919999999999845e+02
5.277930000000000064e+02
5.279950000000000045e+02
5.281960000000000264e+02
5.283980000000000246e+02
5.286000000000000227e+02
5.288010000000000446e+02
5.290030000000000427e+02
5.292039999999999509e+02
5.294059999999999491e+02
5.296069999999999709e+02
5.298089999999999691e+02
5.300099999999999909e+02
5.302119999999999891e+02
5.304130000000000109e+02
5.306150000000000091e+02
5.308160000000000309e+02
5.310170000000000528e+02
5.312190000000000509e+02
5.314199999999999591e+02
5.316219999999999573e+02
5.318229999999999791e+02
5.320240000000000009e+02
5.322259999999999991e+02
5.324270000000000209e+02
5.326280000000000427e+02
5.328300000000000409e+02
5.330309999999999491e+02
5.332319999999999709e+02
5.334329999999999927e+02
5.336349999999999909e+02
5.338360000000000127e+02
5.340370000000000346e+02
5.342380000000000564e+02
5.344389999999999645e+02
5.346399999999999864e+02
5.348419999999999845e+02
5.350430000000000064e+02
5.352440000000000282e+02
5.354450000000000500e+02
5.356459999999999582e+02
5.358469999999999800e+02
5.360480000000000018e+02
5.362490000000000236e+02
5.364500000000000455e+02
5.366509999999999536e+02
5.368519999999999754e+02
5.370529999999999973e+02
5.372540000000000191e+02
5.374550000000000409e+02
5.376559999999999491e+02
5.378569999999999709e+02
5.380579999999999927e+02
5.382590000000000146e+02
5.384600000000000364e+02
5.386609999999999445e+02
5.388619999999999663e+02
5.390620000000000118e+02
5.392630000000000337e+02
5.394640000000000555e+02
5.396649999999999636e+02
5.398659999999999854e+02
5.400660000000000309e+02
5.402670000000000528e+02
5.404679999999999609e+02
5.406689999999999827e+02
5.408690000000000282e+02
5.410700000000000500e+02
5.412709999999999582e+02
5.414719999999999800e+02
5.416720000000000255e+02
5.418730000000000473e+02
5.420729999999999791e+02
5.422740000000000009e+02
5.424750000000000227e+02
5.426749999999999545e+02
5.428759999999999764e+02
5.430760000000000218e+02
5.432770000000000437e+02
5.434779999999999518e+02
5.436779999999999973e+02
5.438790000000000191e+02
5.440789999999999509e+02
5.442799999999999727e+02
5.444800000000000182e+02
5.446799999999999500e+02
5.448809999999999718e+02
5.450810000000000173e+02
5.452820000000000391e+02
5.454819999999999709e+02
5.456820000000000164e+02
5.458830000000000382e+02
5.460829999999999700e+02
5.462839999999999918e+02
5.464840000000000373e+02
5.466839999999999691e+02
5.468840000000000146e+02
5.470850000000000364e+02
5.472849999999999682e+02
5.474850000000000136e+02
5.476860000000000355e+02
5.478859999999999673e+02
5.480860000000000127e+02
5.482859999999999445e+02
5.484859999999999900e+02
5.486860000000000355e+02
5.488869999999999436e+02
5.490869999999999891e+02
5.492870000000000346e+02
5.494869999999999663e+02
5.496870000000000118e+02
5.498869999999999436e+02
5.500869999999999891e+02
5.502870000000000346e+02
5.504869999999999663e+02
5.506870000000000118e+02
5.508869999999999436e+02
5.510869999999999891e+02
5.512870000000000346e+02
5.514869999999999663e+02
5.516870000000000118e+02
5.518869999999999436e+02
5.520869999999999891e+02
5.522870000000000346e+02
5.524869999999999663e+02
5.526870000000000118e+02
5.528869999999999436e+02
5.530869999999999891e+02
5.532859999999999445e+02
5.534859999999999900e+02
5.536860000000000355e+02
5.538859999999999673e+02
5.540860000000000127e+02
5.542849999999999682e+02
5.544850000000000136e+02
5.546849999999999454e+02
5.548849999999999909e+02
5.550839999999999463e+02
5.552839999999999918e+02
5.554840000000000373e+02
5.556829999999999927e+02
5.558830000000000382e+02
5.560829999999999700e+02
5.562820000000000391e+02
5.564819999999999709e+02
5.566810000000000400e+02
5.568809999999999718e+02
5.570810000000000173e+02
5.572799999999999727e+02
5.574800000000000182e+02
5.576789999999999736e+02
5.578790000000000191e+02
5.580779999999999745e+02
5.582780000000000200e+02
5.584769999999999754e+02
5.586770000000000209e+02
5.588759999999999764e+02
5.590750000000000455e+02
5.592749999999999773e+02
5.594740000000000464e+02
5.596739999999999782e+02
5.598730000000000473e+02
5.600720000000000027e+02
5.602720000000000482e+02
5.604710000000000036e+02
5.606699999999999591e+02
5.608690000000000282e+02
5.610689999999999600e+02
5.612680000000000291e+02
5.614669999999999845e+02
5.616660000000000537e+02
5.618659999999999854e+02
5.620650000000000546e+02
5.622640000000000100e+02
5.624629999999999654e+02
5.626620000000000346e+02
5.628619999999999663e+02
5.630610000000000355e+02
5.632599999999999909e+02
5.634589999999999463e+02
5.636580000000000155e+02
5.638569999999999709e+02
5.640560000000000400e+02
5.642549999999999955e+02
5.644539999999999509e+02
5.646530000000000200e+02
5.648519999999999754e+02
5.650510000000000446e+02
5.652500000000000000e+02
5.654489999999999554e+02
5.656480000000000246e+02
5.658469999999999800e+02
5.660460000000000491e+02
5.662450000000000045e+02
5.664439999999999600e+02
5.666430000000000291e+02
5.668410000000000082e+02
5.670399999999999636e+02
5.672390000000000327e+02
5.674379999999999882e+02
5.676369999999999436e+02
5.678350000000000364e+02
5.680339999999999918e+02
5.682329999999999472e+02
5.684320000000000164e+02
5.686299999999999955e+02
5.688289999999999509e+02
5.690280000000000200e+02
5.692259999999999991e+02
5.694249999999999545e+02
5.696240000000000236e+02
5.698220000000000027e+02
5.700209999999999582e+02
5.702200000000000273e+02
5.704180000000000064e+02
5.706169999999999618e+02
5.708150000000000546e+02
5.710140000000000100e+02
5.712119999999999891e+02
5.714109999999999445e+02
5.716090000000000373e+02
5.718079999999999927e+02
5.720059999999999718e+02
5.722050000000000409e+02
5.724030000000000200e+02
5.726019999999999754e+02
5.727999999999999545e+02
5.729990000000000236e+02
5.731970000000000027e+02
5.733949999999999818e+02
5.735940000000000509e+02
5.737920000000000300e+02
5.739900000000000091e+02
5.741889999999999645e+02
5.743869999999999436e+02
5.745850000000000364e+02
5.747830000000000155e+02
5.749819999999999709e+02
5.751799999999999500e+02
5.753780000000000427e+02
5.755760000000000218e+02
5.757749999999999773e+02
5.759729999999999563e+02
5.761710000000000491e+02
5.763690000000000282e+02
5.765670000000000073e+02
5.767649999999999864e+02
5.769629999999999654e+02
5.771620000000000346e+02
5.773600000000000136e+02
5.775579999999999927e+02
5.777559999999999718e+02
5.779539999999999509e+02
5.781520000000000437e+02
5.783500000000000227e+02
5.785480000000000018e+02
5.787459999999999809e+02
5.789439999999999600e+02
5.791420000000000528e+02
5.793400000000000318e+02
5.795370000000000346e+02
5.797350000000000136e+02
5.799329999999999927e+02
5.801309999999999718e+02
5.803289999999999509e+02
5.805270000000000437e+02
5.807250000000000227e+02
5.809220000000000255e+02
5.811200000000000045e+02
5.813179999999999836e+02
5.815159999999999627e+02
5.817140000000000555e+02
5.819109999999999445e+02
5.821090000000000373e+02
5.823070000000000164e+02
5.825040000000000191e+02
5.827019999999999982e+02
5.828999999999999773e+02
5.830969999999999800e+02
5.832949999999999591e+02
5.834930000000000518e+02
5.836900000000000546e+02
5.838880000000000337e+02
5.840850000000000364e+02
5.842830000000000155e+02
5.844800000000000182e+02
5.846779999999999973e+02
5.848759999999999764e+02
5.850729999999999791e+02
5.852699999999999818e+02
5.854679999999999609e+02
5.856649999999999636e+02
5.858630000000000564e+02
5.860599999999999454e+02
5.862580000000000382e+02
5.864550000000000409e+02
5.866520000000000437e+02
5.868500000000000227e+02
5.870470000000000255e+02
5.872450000000000045e+02
5.874420000000000073e+02
5.876390000000000100e+02
5.878360000000000127e+02
5.880339999999999918e+02
5.882309999999999945e+02
5.884279999999999973e+02
5.886250000000000000e+02
5.888229999999999791e+02
5.890199999999999818e+02
5.892169999999999845e+02
5.894139999999999873e+02
5.896109999999999900e+02
5.898079999999999927e+02
5.900059999999999718e+02
5.902029999999999745e+02
5.903999999999999773e+02
5.905969999999999800e+02
5.907939999999999827e+02
5.909909999999999854e+02
5.911879999999999882e+02
5.913849999999999909e+02
5.915819999999999936e+02
5.917789999999999964e+02
5.919759999999999991e+02
5.921730000000000018e+02
5.923700000000000045e+02
5.925670000000000073e+02
5.927640000000000100e+02
5.929610000000000127e+02
5.931580000000000155e+02
5.933540000000000418e+02
5.935510000000000446e+02
5.937480000000000473e+02
5.939450000000000500e+02
5.941420000000000528e+02
5.943390000000000555e+02
5.945349999999999682e+02
5.947319999999999709e+02
5.949289999999999736e+02
5.951259999999999764e+02
5.953220000000000027e+02
5.955190000000000055e+02
5.957160000000000082e+02
5.959120000000000346e+02
5.961090000000000373e+02
5.963060000000000400e+02
5.965019999999999527e+02
5.966989999999999554e+02
5.968959999999999582e+02
5.970919999999999845e+02
5.972889999999999873e+02
5.974850000000000136e+02
5.976820000000000164e+02
5.978780000000000427e+02
5.980750000000000455e+02
5.982709999999999582e+02
5.984679999999999609e+02
5.986639999999999873e+02
5.988609999999999900e+02
5.990570000000000164e+02
5.992540000000000191e+02
5.994500000000000455e+02
5.996459999999999582e+02
5.998429999999999609e+02
6.000389999999999873e+02
6.002350000000000136e+02
6.004320000000000164e+02
6.006280000000000427e+02
6.008239999999999554e+02
6.010209999999999582e+02
6.012169999999999845e+02
6.014130000000000109e+02
6.016090000000000373e+02
6.018060000000000400e+02
6.020019999999999527e+02
6.021979999999999791e+02
6.023940000000000055e+02
6.025900000000000318e+02
6.027870000000000346e+02
6.029829999999999472e+02
6.031789999999999736e+02
6.033750000000000000e+02
6.035710000000000264e+02
6.037670000000000528e+02
6.039629999999999654e+02
6.041589999999999918e+02
6.043550000000000182e+02
6.045510000000000446e+02
6.047469999999999573e+02
6.049429999999999836e+02
6.051390000000000100e+02
6.053350000000000364e+02
6.055309999999999491e+02
6.057269999999999754e+02
6.059230000000000018e+02
6.061190000000000282e+02
6.063150000000000546e+02
6.065109999999999673e+02
6.067060000000000173e+02
6.069020000000000437e+02
6.070979999999999563e+02
6.072939999999999827e+02
6.074900000000000091e+02
6.076849999999999454e+02
6.078809999999999718e+02
6.080769999999999982e+02
6.082730000000000246e+02
6.084679999999999609e+02
6.086639999999999873e+02
6.088600000000000136e+02
6.090549999999999500e+02
6.092509999999999764e+02
6.094470000000000027e+02
6.096420000000000528e+02
6.098379999999999654e+02
6.100330000000000155e+02
6.102290000000000418e+02
6.104249999999999545e+02
6.106200000000000045e+02
6.108160000000000309e+02
6.110109999999999673e+02
6.112069999999999936e+02
6.114020000000000437e+02
6.115979999999999563e+02
6.117930000000000064e+02
6.119880000000000564e+02
6.121839999999999691e+02
6.123790000000000191e+02
6.125750000000000455e+02
6.127699999999999818e+02
6.129650000000000318e+02
6.131609999999999445e+02
6.133559999999999945e+02
6.135510000000000446e+02
6.137469999999999573e+02
6.139420000000000073e+02
6.141369999999999436e+02
6.143319999999999936e+02
6.145280000000000200e+02
6.147229999999999563e+02
6.149180000000000064e+02
6.151130000000000564e+02
6.153079999999999927e+02
6.155040000000000191e+02
6.156989999999999554e+02
6.158940000000000055e+02
6.160890000000000555e+02
6.162839999999999918e+02
6.164790000000000418e+02
6.166739999999999782e+02
6.168690000000000282e+02
6.170639999999999645e+02
6.172590000000000146e+02
6.174539999999999509e+02
6.176490000000000009e+02
6.178440000000000509e+02
6.180389999999999873e+02
6.182340000000000373e+02
6.184289999999999736e+02
6.186240000000000236e+02
6.188189999999999600e+02
6.190140000000000100e+02
6.192089999999999463e+02
6.194039999999999964e+02
6.195979999999999563e+02
6.197930000000000064e+02
6.199880000000000564e+02
6.201829999999999927e+02
6.203780000000000427e+02
6.205720000000000027e+02
6.207670000000000528e+02
6.209619999999999891e+02
6.211559999999999491e+02
6.213509999999999991e+02
6.215460000000000491e+02
6.217409999999999854e+02
6.219349999999999454e+02
6.221299999999999955e+02
6.223239999999999554e+02
6.225190000000000055e+02
6.227140000000000555e+02
6.229080000000000155e+02
6.231029999999999518e+02
6.232970000000000255e+02
6.234919999999999618e+02
6.236860000000000355e+02
6.238809999999999718e+02
6.240750000000000455e+02
6.242699999999999818e+02
6.244640000000000555e+02
6.246589999999999918e+02
6.248529999999999518e+02
6.250470000000000255e+02
6.252419999999999618e+02
6.254360000000000355e+02
6.256309999999999718e+02
6.258250000000000455e+02
6.260190000000000055e+02
6.262140000000000555e+02
6.264080000000000155e+02
6.266019999999999754e+02
6.267960000000000491e+02
6.269909999999999854e+02
6.271849999999999454e+02
6.273790000000000191e+02
6.275729999999999791e+02
6.277670000000000528e+02
6.279619999999999891e+02
6.281559999999999491e+02
6.283500000000000227e+02
6.285439999999999827e+02
6.287380000000000564e+02
6.289320000000000164e+02
6.291259999999999764e+02
6.293200000000000500e+02
6.295140000000000100e+02
6.297079999999999700e+02
6.299020000000000437e+02
6.300960000000000036e+02
6.302899999999999636e+02
6.304840000000000373e+02
6.306779999999999973e+02
6.308719999999999573e+02
6.310660000000000309e+02
6.312599999999999909e+02
6.314539999999999509e+02
6.316480000000000246e+02
6.318419999999999845e+02
6.320359999999999445e+02
6.322290000000000418e+02
6.324230000000000018e+02
6.326169999999999618e+02
6.328110000000000355e+02
6.330049999999999955e+02
6.331979999999999791e+02
6.333920000000000528e+02
6.335860000000000127e+02
6.337789999999999964e+02
6.339729999999999563e+02
6.341670000000000300e+02
6.343600000000000136e+02
6.345539999999999736e+02
6.347480000000000473e+02
6.349410000000000309e+02
6.351349999999999909e+02
6.353289999999999509e+02
6.355220000000000482e+02
6.357160000000000082e+02
6.359089999999999918e+02
6.361029999999999518e+02
6.362960000000000491e+02
6.364900000000000091e+02
6.366829999999999927e+02
6.368769999999999527e+02
6.370700000000000500e+02
6.372630000000000337e+02
6.374569999999999936e+02
6.376499999999999773e+02
6.378440000000000509e+02
6.380370000000000346e+02
6.382300000000000182e+02
6.384239999999999782e+02
6.386169999999999618e+02
6.388099999999999454e+02
6.390040000000000191e+02
6.391970000000000027e+02
6.393899999999999864e+02
6.395829999999999700e+02
6.397759999999999536e+02
6.399700000000000273e+02
6.401630000000000109e+02
6.403559999999999945e+02
6.405489999999999782e+02
6.407419999999999618e+02
6.409349999999999454e+02
6.411290000000000191e+02
6.413220000000000027e+02
6.415149999999999864e+02
6.417079999999999700e+02
6.419009999999999536e+02
6.420940000000000509e+02
6.422870000000000346e+02
6.424800000000000182e+02
6.426730000000000018e+02
6.428659999999999854e+02
6.430589999999999691e+02
6.432519999999999527e+02
6.434450000000000500e+02
6.436380000000000337e+02
6.438300000000000409e+02
6.440230000000000246e+02
6.442160000000000082e+02
6.444089999999999918e+02
6.446019999999999754e+02
6.447949999999999591e+02
6.449869999999999663e+02
6.451799999999999500e+02
6.453730000000000473e+02
6.455660000000000309e+02
6.457580000000000382e+02
6.459510000000000218e+02
6.461440000000000055e+02
6.463360000000000127e+02
6.465289999999999964e+02
6.467219999999999800e+02
6.469139999999999873e+02
6.471069999999999709e+02
6.472999999999999545e+02
6.474919999999999618e+02
6.476849999999999454e+02
6.478769999999999527e+02
6.480700000000000500e+02
6.482619999999999436e+02
6.484550000000000409e+02
6.486470000000000482e+02
6.488400000000000318e+02
6.490320000000000391e+02
6.492250000000000227e+02
6.494170000000000300e+02
6.496100000000000136e+02
6.498020000000000209e+02
6.499940000000000282e+02
6.501870000000000118e+02
6.503790000000000191e+02
6.505710000000000264e+02
6.507640000000000100e+02
6.509560000000000173e+02
6.511480000000000246e+02
6.513410000000000082e+02
6.515330000000000155e+02
6.517250000000000227e+02
6.519170000000000300e+02
6.521100000000000136e+02
6.523020000000000209e+02
6.524940000000000282e+02
6.526860000000000355e+02
6.528780000000000427e+02
6.530700000000000500e+02
6.532619999999999436e+02
6.534550000000000409e+02
6.536470000000000482e+02
6.538390000000000555e+02
6.540309999999999491e+02
6.542229999999999563e+02
6.544149999999999636e+02
6.546069999999999709e+02
6.547989999999999782e+02
6.549909999999999854e+02
6.551829999999999927e+02
6.553750000000000000e+02
6.555660000000000309e+02
6.557580000000000382e+02
6.559500000000000455e+02
6.561420000000000528e+02
6.563339999999999463e+02
6.565259999999999536e+02
6.567179999999999609e+02
6.569089999999999918e+02
6.571009999999999991e+02
6.572930000000000064e+02
6.574850000000000136e+02
6.576770000000000209e+02
6.578680000000000518e+02
6.580599999999999454e+02
6.582519999999999527e+02
6.584429999999999836e+02
6.586349999999999909e+02
6.588269999999999982e+02
6.590180000000000291e+02
6.592100000000000364e+02
6.594009999999999536e+02
6.595929999999999609e+02
6.597849999999999682e+02
6.599759999999999991e+02
6.601680000000000064e+02
6.603590000000000373e+02
6.605510000000000446e+02
6.607419999999999618e+02
6.609339999999999691e+02
6.611250000000000000e+02
6.613170000000000073e+02
6.615080000000000382e+02
6.616989999999999554e+02
6.618909999999999627e+02
6.620819999999999936e+02
6.622730000000000246e+02
6.624650000000000318e+02
6.626559999999999491e+02
6.628469999999999800e+02
6.630389999999999873e+02
6.632300000000000182e+02
6.634210000000000491e+02
6.636130000000000564e+02
6.638039999999999736e+02
6.639950000000000045e+02
6.641860000000000355e+02
6.643769999999999527e+02
6.645689999999999600e+02
6.647599999999999909e+02
6.649510000000000218e+02
6.651420000000000528e+02
6.653329999999999700e+02
6.655240000000000009e+02
6.657150000000000318e+02
6.659059999999999491e+02
6.660969999999999800e+02
6.662880000000000109e+02
6.664790000000000418e+02
6.666699999999999591e+02
6.668609999999999900e+02
6.670520000000000209e+02
6.672430000000000518e+02
6.674339999999999691e+02
6.676250000000000000e+02
6.678160000000000309e+02
6.680069999999999482e+02
6.681979999999999791e+02
6.683880000000000337e+02
6.685789999999999509e+02
6.687699999999999818e+02
6.689610000000000127e+02
6.691520000000000437e+02
6.693419999999999845e+02
6.695330000000000155e+02
6.697240000000000464e+02
6.699149999999999636e+02
6.701050000000000182e+02
6.702960000000000491e+02
6.704869999999999663e+02
6.706770000000000209e+02
6.708680000000000518e+02
6.710579999999999927e+02
6.712490000000000236e+02
6.714400000000000546e+02
6.716299999999999955e+02
6.718210000000000264e+02
6.720109999999999673e+02
6.722019999999999982e+02
6.723920000000000528e+02
6.725829999999999700e+02
6.727730000000000246e+02
6.729640000000000555e+02
6.731539999999999964e+02
6.733450000000000273e+02
6.735349999999999682e+02
6.737250000000000227e+02
6.739160000000000537e+02
6.741059999999999945e+02
6.742960000000000491e+02
6.744869999999999663e+02
6.746770000000000209e+02
6.748669999999999618e+02
6.750579999999999927e+02
6.752480000000000473e+02
6.754379999999999882e+02
6.756280000000000427e+02
6.758189999999999600e+02
6.760090000000000146e+02
6.761989999999999554e+02
6.763890000000000100e+02
6.765789999999999509e+02
6.767690000000000055e+02
6.769589999999999463e+02
6.771499999999999773e+02
6.773400000000000318e+02
6.775299999999999727e+02
6.777200000000000273e+02
6.779099999999999682e+02
6.781000000000000227e+02
6.782899999999999636e+02
6.784800000000000182e+02
6.786699999999999591e+02
6.788600000000000136e+02
6.790499999999999545e+02
6.792390000000000327e+02
6.794289999999999736e+02
6.796190000000000282e+02
6.798089999999999691e+02
6.799990000000000236e+02
6.801889999999999645e+02
6.803790000000000191e+02
6.805679999999999836e+02
6.807580000000000382e+02
6.809479999999999791e+02
6.811380000000000337e+02
6.813269999999999982e+02
6.815170000000000528e+02
6.817069999999999936e+02
6.818970000000000482e+02
6.820860000000000127e+02
6.822759999999999536e+02
6.824650000000000318e+02
6.826549999999999727e+02
6.828450000000000273e+02
6.830339999999999918e+02
6.832240000000000464e+02
6.834130000000000109e+02
6.836029999999999518e+02
6.837920000000000300e+02
6.839819999999999709e+02
6.841710000000000491e+02
6.843609999999999900e+02
6.845499999999999545e+02
6.847400000000000091e+02
6.849289999999999736e+02
6.851190000000000282e+02
6.853079999999999927e+02
6.854969999999999573e+02
6.856870000000000118e+02
6.858759999999999764e+02
6.860650000000000546e+02
6.862549999999999955e+02
6.864439999999999600e+02
6.866330000000000382e+02
6.868229999999999791e+02
6.870119999999999436e+02
6.872010000000000218e+02
6.873899999999999864e+02
6.875789999999999509e+02
6.877690000000000055e+02
6.879579999999999700e+02
6.881470000000000482e+02
6.883360000000000127e+02
6.885249999999999773e+02
6.887140000000000555e+02
6.889030000000000200e+02
6.890919999999999845e+02
6.892809999999999491e+02
6.894700000000000273e+02
6.896589999999999918e+02
6.898479999999999563e+02
6.900370000000000346e+02
6.902259999999999991e+02
6.904149999999999636e+02
6.906040000000000418e+02
6.907930000000000064e+02
6.909819999999999709e+02
6.911710000000000491e+02
6.913600000000000136e+02
6.915489999999999782e+02
6.917369999999999663e+02
6.919260000000000446e+02
6.921150000000000091e+02
6.923039999999999736e+02
6.924930000000000518e+02
6.926810000000000400e+02
6.928700000000000045e+02
6.930589999999999691e+02
6.932469999999999573e+02
6.934360000000000355e+02
6.936250000000000000e+02
6.938129999999999882e+02
6.940019999999999527e+02
6.941910000000000309e+02
6.943790000000000191e+02
6.945679999999999836e+02
6.947559999999999718e+02
6.949450000000000500e+02
6.951340000000000146e+02
6.953220000000000027e+02
6.955109999999999673e+02
6.956989999999999554e+02
6.958869999999999436e+02
6.960760000000000218e+02
6.962640000000000100e+02
6.964529999999999745e+02
6.966409999999999627e+02
6.968300000000000409e+02
6.970180000000000291e+02
6.972060000000000173e+02
6.973949999999999818e+02
6.975829999999999700e+02
6.977709999999999582e+02
6.979589999999999463e+02
6.981480000000000246e+02
6.983360000000000127e+02
6.985240000000000009e+02
6.987119999999999891e+02
6.989009999999999536e+02
6.990890000000000555e+02
6.992770000000000437e+02
6.994650000000000318e+02
6.996530000000000200e+02
6.998410000000000082e+02
7.000289999999999964e+02
7.002179999999999609e+02
7.004059999999999491e+02
7.005940000000000509e+02
7.007820000000000391e+02
7.009700000000000273e+02
7.011580000000000155e+02
7.013460000000000036e+02
7.015339999999999918e+02
7.017219999999999800e+02
7.019089999999999918e+02
7.020969999999999800e+02
7.022849999999999682e+02
7.024729999999999563e+02
7.026609999999999445e+02
7.028490000000000464e+02
7.030370000000000346e+02
7.032250000000000227e+02
7.034120000000000346e+02
7.036000000000000227e+02
7.037880000000000109e+02
7.039759999999999991e+02
7.041630000000000109e+02
7.043509999999999991e+02
7.045389999999999873e+02
7.047259999999999991e+02
7.049139999999999873e+02
7.051019999999999754e+02
7.052889999999999873e+02
7.054769999999999754e+02
7.056649999999999636e+02
7.058519999999999754e+02
7.060399999999999636e+02
7.062269999999999754e+02
7.064149999999999636e+02
7.066019999999999754e+02
7.067899999999999636e+02
7.069769999999999754e+02
7.071649999999999636e+02
7.073519999999999754e+02
7.075399999999999636e+02
7.077269999999999754e+02
7.079139999999999873e+02
7.081019999999999754e+02
7.082889999999999873e+02
7.084759999999999991e+02
7.086639999999999873e+02
7.088509999999999991e+02
7.090380000000000109e+02
7.092259999999999991e+02
7.094130000000000109e+02
7.096000000000000227e+02
7.097870000000000346e+02
7.099750000000000227e+02
7.101620000000000346e+02
7.103490000000000464e+02
7.105359999999999445e+02
7.107229999999999563e+02
7.109099999999999682e+02
7.110979999999999563e+02
7.112849999999999682e+02
7.114719999999999800e+02
7.116589999999999918e+02
7.118460000000000036e+02
7.120330000000000155e+02
7.122200000000000273e+02
7.124070000000000391e+02
7.125940000000000509e+02
7.127809999999999491e+02
7.129679999999999609e+02
7.131549999999999727e+02
7.133410000000000082e+02
7.135280000000000200e+02
7.137150000000000318e+02
7.139020000000000437e+02
7.140890000000000555e+02
7.142759999999999536e+02
7.144629999999999654e+02
7.146490000000000009e+02
7.148360000000000127e+02
7.150230000000000246e+02
7.152100000000000364e+02
7.153959999999999582e+02
7.155829999999999700e+02
7.157699999999999818e+02
7.159560000000000173e+02
7.161430000000000291e+02
7.163300000000000409e+02
7.165159999999999627e+02
7.167029999999999745e+02
7.168890000000000100e+02
7.170760000000000218e+02
7.172630000000000337e+02
7.174489999999999554e+02
7.176359999999999673e+02
7.178220000000000027e+02
7.180090000000000146e+02
7.181950000000000500e+02
7.183809999999999718e+02
7.185679999999999836e+02
7.187540000000000191e+02
7.189410000000000309e+02
7.191269999999999527e+02
7.193129999999999882e+02
7.195000000000000000e+02
7.196860000000000355e+02
7.198719999999999573e+02
7.200589999999999691e+02
7.202450000000000045e+02
7.204310000000000400e+02
7.206180000000000518e+02
7.208039999999999736e+02
7.209900000000000091e+02
7.211760000000000446e+02
7.213619999999999663e+02
7.215480000000000018e+02
7.217350000000000136e+02
7.219210000000000491e+02
7.221069999999999709e+02
7.222930000000000064e+02
7.224790000000000418e+02
7.226649999999999636e+02
7.228509999999999991e+02
7.230370000000000346e+02
7.232229999999999563e+02
7.234089999999999918e+02
7.235950000000000273e+02
7.237809999999999491e+02
7.239669999999999845e+02
7.241530000000000200e+02
7.243390000000000555e+02
7.245249999999999773e+02
7.247110000000000127e+02
7.248959999999999582e+02
7.250819999999999936e+02
7.252680000000000291e+02
7.254539999999999509e+02
7.256399999999999864e+02
7.258250000000000455e+02
7.260109999999999673e+02
7.261970000000000027e+02
7.263830000000000382e+02
7.265679999999999836e+02
7.267540000000000191e+02
7.269400000000000546e+02
7.271250000000000000e+02
7.273110000000000355e+02
7.274959999999999809e+02
7.276820000000000164e+02
7.278680000000000518e+02
7.280529999999999973e+02
7.282390000000000327e+02
7.284239999999999782e+02
7.286100000000000136e+02
7.287949999999999591e+02
7.289809999999999945e+02
7.291660000000000537e+02
7.293519999999999754e+02
7.295370000000000346e+02
7.297219999999999800e+02
7.299080000000000155e+02
7.300929999999999609e+02
7.302789999999999964e+02
7.304640000000000555e+02
7.306490000000000009e+02
7.308350000000000364e+02
7.310199999999999818e+02
7.312050000000000409e+02
7.313899999999999864e+02
7.315760000000000218e+02
7.317609999999999673e+02
7.319460000000000264e+02
7.321309999999999718e+02
7.323160000000000309e+02
7.325009999999999764e+02
7.326870000000000118e+02
7.328719999999999573e+02
7.330570000000000164e+02
7.332419999999999618e+02
7.334270000000000209e+02
7.336119999999999663e+02
7.337970000000000255e+02
7.339819999999999709e+02
7.341670000000000300e+02
7.343519999999999754e+02
7.345370000000000346e+02
7.347219999999999800e+02
7.349070000000000391e+02
7.350919999999999845e+02
7.352770000000000437e+02
7.354619999999999891e+02
7.356459999999999582e+02
7.358310000000000173e+02
7.360159999999999627e+02
7.362010000000000218e+02
7.363859999999999673e+02
7.365700000000000500e+02
7.367549999999999955e+02
7.369400000000000546e+02
7.371250000000000000e+02
7.373089999999999691e+02
7.374940000000000282e+02
7.376789999999999736e+02
7.378630000000000564e+02
7.380480000000000018e+02
7.382319999999999709e+02
7.384170000000000300e+02
7.386019999999999754e+02
7.387859999999999445e+02
7.389710000000000036e+02
7.391549999999999727e+02
7.393400000000000318e+02
7.395240000000000009e+02
7.397089999999999463e+02
7.398930000000000291e+02
7.400779999999999745e+02
7.402619999999999436e+02
7.404460000000000264e+02
7.406309999999999718e+02
7.408150000000000546e+02
7.410000000000000000e+02
7.411839999999999691e+02
7.413680000000000518e+02
7.415529999999999973e+02
7.417369999999999663e+02
7.419210000000000491e+02
7.421050000000000182e+02
7.422899999999999636e+02
7.424740000000000464e+02
7.426580000000000155e+02
7.428419999999999845e+02
7.430259999999999536e+02
7.432100000000000364e+02
7.433949999999999818e+02
7.435789999999999509e+02
7.437630000000000337e+02
7.439470000000000027e+02
7.441309999999999718e+02
7.443150000000000546e+02
7.444990000000000236e+02
7.446829999999999927e+02
7.448669999999999618e+02
7.450510000000000446e+02
7.452350000000000136e+02
7.454189999999999827e+02
7.456029999999999518e+02
7.457870000000000346e+02
7.459710000000000036e+02
7.461539999999999964e+02
7.463379999999999654e+02
7.465220000000000482e+02
7.467060000000000173e+02
7.468899999999999864e+02
7.470729999999999791e+02
7.472569999999999482e+02
7.474410000000000309e+02
7.476250000000000000e+02
7.478079999999999927e+02
7.479919999999999618e+02
7.481760000000000446e+02
7.483590000000000373e+02
7.485430000000000064e+02
7.487269999999999754e+02
7.489099999999999682e+02
7.490940000000000509e+02
7.492770000000000437e+02
7.494610000000000127e+02
7.496440000000000055e+02
7.498279999999999745e+02
7.500109999999999673e+02
7.501950000000000500e+02
7.503780000000000427e+02
7.505620000000000118e+02
7.507450000000000045e+02
7.509289999999999736e+02
7.511119999999999663e+02
7.512949999999999591e+02
7.514790000000000418e+02
7.516620000000000346e+02
7.518460000000000036e+02
7.520289999999999964e+02
7.522119999999999891e+02
7.523949999999999818e+02
7.525789999999999509e+02
7.527619999999999436e+02
7.529450000000000500e+02
7.531280000000000427e+02
7.533110000000000355e+02
7.534950000000000045e+02
7.536779999999999973e+02
7.538609999999999900e+02
7.540439999999999827e+02
7.542269999999999754e+02
7.544099999999999682e+02
7.545929999999999609e+02
7.547759999999999536e+02
7.549589999999999463e+02
7.551420000000000528e+02
7.553250000000000455e+02
7.555080000000000382e+02
7.556910000000000309e+02
7.558740000000000236e+02
7.560570000000000164e+02
7.562400000000000091e+02
7.564230000000000018e+02
7.566059999999999945e+02
7.567889999999999873e+02
7.569710000000000036e+02
7.571539999999999964e+02
7.573369999999999891e+02
7.575199999999999818e+02
7.577029999999999745e+02
7.578849999999999909e+02
7.580679999999999836e+02
7.582509999999999764e+02
7.584329999999999927e+02
7.586159999999999854e+02
7.587989999999999782e+02
7.589809999999999945e+02
7.591639999999999873e+02
7.593469999999999800e+02
7.595289999999999964e+02
7.597119999999999891e+02
7.598940000000000055e+02
7.600769999999999982e+02
7.602590000000000146e+02
7.604420000000000073e+02
7.606240000000000236e+02
7.608070000000000164e+02
7.609890000000000327e+02
7.611720000000000255e+02
7.613540000000000418e+02
7.615359999999999445e+02
7.617190000000000509e+02
7.619009999999999536e+02
7.620829999999999700e+02
7.622659999999999627e+02
7.624479999999999791e+02
7.626299999999999955e+02
7.628129999999999882e+02
7.629950000000000045e+02
7.631770000000000209e+02
7.633590000000000373e+02
7.635410000000000537e+02
7.637240000000000464e+02
7.639059999999999491e+02
7.640879999999999654e+02
7.642699999999999818e+02
7.644519999999999982e+02
7.646340000000000146e+02
7.648160000000000309e+02
7.649980000000000473e+02
7.651799999999999500e+02
7.653619999999999663e+02
7.655439999999999827e+02
7.657259999999999991e+02
7.659080000000000155e+02
7.660900000000000318e+02
7.662720000000000482e+02
7.664539999999999509e+02
7.666359999999999673e+02
7.668179999999999836e+02
7.670000000000000000e+02
7.671820000000000164e+02
7.673630000000000564e+02
7.675449999999999591e+02
7.677269999999999754e+02
7.679089999999999918e+02
7.680910000000000082e+02
7.682720000000000482e+02
7.684539999999999509e+02
7.686359999999999673e+02
7.688170000000000073e+02
7.689990000000000236e+02
7.691810000000000400e+02
7.693619999999999663e+02
7.695439999999999827e+02
7.697250000000000227e+02
7.699070000000000391e+02
7.700890000000000555e+02
7.702699999999999818e+02
7.704519999999999982e+02
7.706330000000000382e+02
7.708150000000000546e+02
7.709959999999999809e+02
7.711779999999999973e+02
7.713590000000000373e+02
7.715399999999999636e+02
7.717219999999999800e+02
7.719030000000000200e+02
7.720850000000000364e+02
7.722659999999999627e+02
7.724470000000000027e+02
7.726280000000000427e+02
7.728099999999999454e+02
7.729909999999999854e+02
7.731720000000000255e+02
7.733540000000000418e+02
7.735349999999999682e+02
7.737160000000000082e+02
7.738970000000000482e+02
7.740779999999999745e+02
7.742590000000000146e+02
7.744410000000000309e+02
7.746219999999999573e+02
7.748029999999999973e+02
7.749840000000000373e+02
7.751649999999999636e+02
7.753460000000000036e+02
7.755270000000000437e+02
7.757079999999999700e+02
7.758890000000000100e+02
7.760700000000000500e+02
7.762509999999999764e+02
7.764320000000000164e+02
7.766130000000000564e+02
7.767939999999999827e+02
7.769740000000000464e+02
7.771549999999999727e+02
7.773360000000000127e+02
7.775170000000000528e+02
7.776979999999999791e+02
7.778780000000000427e+02
7.780589999999999691e+02
7.782400000000000091e+02
7.784210000000000491e+02
7.786009999999999991e+02
7.787820000000000391e+02
7.789629999999999654e+02
7.791430000000000291e+02
7.793239999999999554e+02
7.795049999999999955e+02
7.796849999999999454e+02
7.798659999999999854e+02
7.800460000000000491e+02
7.802269999999999754e+02
7.804080000000000155e+02
7.805879999999999654e+02
7.807690000000000055e+02
7.809489999999999554e+02
7.811290000000000191e+02
7.813099999999999454e+02
7.814900000000000091e+02
7.816710000000000491e+02
7.818509999999999991e+02
7.820320000000000391e+02
7.822119999999999891e+02
7.823920000000000528e+02
7.825720000000000027e+02
7.827530000000000427e+02
7.829329999999999927e+02
7.831130000000000564e+02
7.832939999999999827e+02
7.834740000000000464e+02
7.836539999999999964e+02
7.838339999999999463e+02
7.840140000000000100e+02
7.841950000000000500e+02
7.843750000000000000e+02
7.845549999999999500e+02
7.847350000000000136e+02
7.849149999999999636e+02
7.850950000000000273e+02
7.852749999999999773e+02
7.854550000000000409e+02
7.856349999999999909e+02
7.858150000000000546e+02
7.859950000000000045e+02
7.861749999999999545e+02
7.863550000000000182e+02
7.865349999999999682e+02
7.867150000000000318e+02
7.868949999999999818e+02
7.870739999999999554e+02
7.872540000000000191e+02
7.874339999999999691e+02
7.876140000000000327e+02
7.877939999999999827e+02
7.879740000000000464e+02
7.881530000000000200e+02
7.883329999999999700e+02
7.885130000000000337e+02
7.886920000000000073e+02
7.888719999999999573e+02
7.890520000000000209e+02
7.892309999999999945e+02
7.894109999999999445e+02
7.895910000000000082e+02
7.897699999999999818e+02
7.899500000000000455e+02
7.901290000000000191e+02
7.903089999999999691e+02
7.904880000000000564e+02
7.906680000000000064e+02
7.908469999999999800e+02
7.910270000000000437e+02
7.912060000000000173e+02
7.913859999999999673e+02
7.915650000000000546e+02
7.917450000000000045e+02
7.919239999999999782e+02
7.921029999999999518e+02
7.922830000000000155e+02
7.924619999999999891e+02
7.926409999999999627e+02
7.928200000000000500e+02
7.930000000000000000e+02
7.931789999999999736e+02
7.933579999999999472e+02
7.935370000000000346e+02
7.937169999999999845e+02
7.938959999999999582e+02
7.940750000000000455e+02
7.942540000000000191e+02
7.944329999999999927e+02
7.946119999999999663e+02
7.947910000000000537e+02
7.949700000000000273e+02
7.951490000000000009e+02
7.953279999999999745e+02
7.955069999999999482e+02
7.956860000000000355e+02
7.958650000000000091e+02
7.960439999999999827e+02
7.962229999999999563e+02
7.964020000000000437e+02
7.965810000000000173e+02
7.967599999999999909e+02
7.969389999999999645e+02
7.971180000000000518e+02
7.972970000000000255e+02
7.974750000000000227e+02
7.976539999999999964e+02
7.978329999999999700e+02
7.980119999999999436e+02
7.981900000000000546e+02
7.983690000000000282e+02
7.985480000000000018e+02
7.987259999999999991e+02
7.989049999999999727e+02
7.990839999999999463e+02
7.992619999999999436e+02
7.994410000000000309e+02
7.996200000000000045e+02
7.997980000000000018e+02
7.999769999999999754e+02
8.001549999999999727e+02
8.003339999999999463e+02
8.005119999999999436e+02
8.006910000000000309e+02
8.008690000000000282e+02
8.010480000000000018e+02
8.012259999999999991e+02
8.014039999999999964e+02
8.015829999999999700e+02
8.017609999999999673e+02
8.019400000000000546e+02
8.021180000000000518e+02
8.022960000000000491e+02
8.024740000000000464e+02
8.026530000000000200e+02
8.028310000000000173e+02
8.030090000000000146e+02
8.031870000000000118e+02
8.033659999999999854e+02
8.035439999999999827e+02
8.037219999999999800e+02
8.038999999999999773e+02
8.040779999999999745e+02
8.042559999999999718e+02
8.044339999999999691e+02
8.046119999999999663e+02
8.047910000000000537e+02
8.049690000000000509e+02
8.051470000000000482e+02
8.053250000000000455e+02
8.055030000000000427e+02
8.056810000000000400e+02
8.058579999999999472e+02
8.060359999999999445e+02
8.062140000000000555e+02
8.063920000000000528e+02
8.065700000000000500e+02
8.067480000000000473e+02
8.069260000000000446e+02
8.071040000000000418e+02
8.072809999999999491e+02
8.074589999999999463e+02
8.076369999999999436e+02
8.078150000000000546e+02
8.079919999999999618e+02
8.081699999999999591e+02
8.083479999999999563e+02
8.085249999999999773e+02
8.087029999999999745e+02
8.088809999999999718e+02
8.090579999999999927e+02
8.092359999999999900e+02
8.094130000000000109e+02
8.095910000000000082e+02
8.097680000000000291e+02
8.099460000000000264e+02
8.101240000000000236e+02
8.103010000000000446e+02
8.104779999999999518e+02
8.106559999999999491e+02
8.108329999999999700e+02
8.110109999999999673e+02
8.111879999999999882e+02
8.113650000000000091e+02
8.115430000000000064e+02
8.117200000000000273e+02
8.118970000000000482e+02
8.120750000000000455e+02
8.122519999999999527e+02
8.124289999999999736e+02
8.126069999999999709e+02
8.127839999999999918e+02
8.129610000000000127e+02
8.131380000000000337e+02
8.133150000000000546e+02
8.134919999999999618e+02
8.136699999999999591e+02
8.138469999999999800e+02
8.140240000000000009e+02
8.142010000000000218e+02
8.143780000000000427e+02
8.145549999999999500e+02
8.147319999999999709e+02
8.149089999999999918e+02
8.150860000000000127e+02
8.152630000000000337e+02
8.154400000000000546e+02
8.156169999999999618e+02
8.157939999999999827e+02
8.159700000000000273e+02
8.161470000000000482e+02
8.163239999999999554e+02
8.165009999999999764e+02
8.166779999999999973e+02
8.168550000000000182e+02
8.170309999999999491e+02
8.172079999999999700e+02
8.173849999999999909e+02
8.175620000000000118e+02
8.177380000000000564e+02
8.179149999999999636e+02
8.180919999999999845e+02
8.182680000000000291e+02
8.184450000000000500e+02
8.186219999999999573e+02
8.187980000000000018e+02
8.189750000000000227e+02
8.191509999999999536e+02
8.193279999999999745e+02
8.195040000000000191e+02
8.196810000000000400e+02
8.198569999999999709e+02
8.200339999999999918e+02
8.202100000000000364e+02
8.203869999999999436e+02
8.205629999999999882e+02
8.207390000000000327e+02
8.209160000000000537e+02
8.210919999999999845e+02
8.212680000000000291e+02
8.214450000000000500e+02
8.216209999999999809e+02
8.217970000000000255e+02
8.219729999999999563e+02
8.221499999999999773e+02
8.223260000000000218e+02
8.225019999999999527e+02
8.226779999999999973e+02
8.228540000000000418e+02
8.230309999999999491e+02
8.232069999999999936e+02
8.233830000000000382e+02
8.235589999999999691e+02
8.237350000000000136e+02
8.239109999999999445e+02
8.240869999999999891e+02
8.242630000000000337e+02
8.244389999999999645e+02
8.246150000000000091e+02
8.247910000000000537e+02
8.249669999999999845e+02
8.251430000000000291e+02
8.253189999999999600e+02
8.254940000000000282e+02
8.256699999999999591e+02
8.258460000000000036e+02
8.260220000000000482e+02
8.261979999999999791e+02
8.263740000000000236e+02
8.265489999999999782e+02
8.267250000000000227e+02
8.269009999999999536e+02
8.270769999999999982e+02
8.272519999999999527e+02
8.274279999999999973e+02
8.276040000000000418e+02
8.277789999999999964e+02
8.279550000000000409e+02
8.281299999999999955e+02
8.283060000000000400e+02
8.284809999999999945e+02
8.286570000000000391e+02
8.288329999999999700e+02
8.290080000000000382e+02
8.291829999999999927e+02
8.293590000000000373e+02
8.295339999999999918e+02
8.297100000000000364e+02
8.298849999999999909e+02
8.300610000000000355e+02
8.302359999999999900e+02
8.304109999999999445e+02
8.305869999999999891e+02
8.307619999999999436e+02
8.309370000000000118e+02
8.311130000000000564e+02
8.312880000000000109e+02
8.314629999999999654e+02
8.316380000000000337e+02
8.318129999999999882e+02
8.319890000000000327e+02
8.321639999999999873e+02
8.323390000000000555e+02
8.325140000000000100e+02
8.326889999999999645e+02
8.328640000000000327e+02
8.330389999999999873e+02
8.332140000000000555e+02
8.333890000000000100e+02
8.335639999999999645e+02
8.337390000000000327e+02
8.339139999999999873e+02
8.340890000000000555e+02
8.342640000000000100e+02
8.344389999999999645e+02
8.346140000000000327e+02
8.347889999999999873e+02
8.349640000000000555e+02
8.351390000000000100e+02
8.353129999999999882e+02
8.354880000000000564e+02
8.356630000000000109e+02
8.358379999999999654e+02
8.360119999999999436e+02
8.361870000000000118e+02
8.363619999999999663e+02
8.365370000000000346e+02
8.367110000000000127e+02
8.368859999999999673e+02
8.370599999999999454e+02
8.372350000000000136e+02
8.374099999999999682e+02
8.375839999999999463e+02
8.377590000000000146e+02
8.379329999999999927e+02
8.381079999999999472e+02
8.382820000000000391e+02
8.384569999999999936e+02
8.386309999999999718e+02
8.388060000000000400e+02
8.389800000000000182e+02
8.391539999999999964e+02
8.393289999999999509e+02
8.395030000000000427e+02
8.396779999999999973e+02
8.398519999999999754e+02
8.400259999999999536e+02
8.402000000000000455e+02
8.403750000000000000e+02
8.405489999999999782e+02
8.407229999999999563e+02
8.408970000000000482e+02
8.410720000000000027e+02
8.412459999999999809e+02
8.414199999999999591e+02
8.415940000000000509e+02
8.417680000000000291e+02
8.419420000000000073e+02
8.421159999999999854e+02
8.422899999999999636e+02
8.424640000000000555e+02
8.426380000000000337e+02
8.428120000000000118e+02
8.429859999999999900e+02
8.431599999999999682e+02
8.433339999999999463e+02
8.435080000000000382e+02
8.436820000000000164e+02
8.438559999999999945e+02
8.440299999999999727e+02
8.442039999999999509e+02
8.443780000000000427e+02
8.445510000000000446e+02
8.447250000000000227e+02
8.448990000000000009e+02
8.450729999999999791e+02
8.452459999999999809e+02
8.454199999999999591e+02
8.455940000000000509e+02
8.457670000000000528e+02
8.459410000000000309e+02
8.461150000000000091e+02
8.462880000000000109e+02
8.464619999999999891e+02
8.466359999999999673e+02
8.468089999999999691e+02
8.469829999999999472e+02
8.471559999999999491e+02
8.473300000000000409e+02
8.475030000000000427e+02
8.476770000000000209e+02
8.478500000000000227e+02
8.480240000000000009e+02
8.481970000000000027e+02
8.483700000000000045e+02
8.485439999999999827e+02
8.487169999999999845e+02
8.488899999999999864e+02
8.490639999999999645e+02
8.492369999999999663e+02
8.494099999999999682e+02
8.495829999999999700e+02
8.497569999999999482e+02
8.499299999999999500e+02
8.501029999999999518e+02
8.502759999999999536e+02
8.504489999999999554e+02
8.506230000000000473e+02
8.507960000000000491e+02
8.509690000000000509e+02
8.511420000000000528e+02
8.513150000000000546e+02
8.514880000000000564e+02
8.516609999999999445e+02
8.518339999999999463e+02
8.520069999999999482e+02
8.521799999999999500e+02
8.523529999999999518e+02
8.525259999999999536e+02
8.526989999999999554e+02
8.528719999999999573e+02
8.530439999999999827e+02
8.532169999999999845e+02
8.533899999999999864e+02
8.535629999999999882e+02
8.537359999999999900e+02
8.539080000000000155e+02
8.540810000000000173e+02
8.542540000000000191e+02
8.544270000000000209e+02
8.545990000000000464e+02
8.547720000000000482e+02
8.549450000000000500e+02
8.551169999999999618e+02
8.552899999999999636e+02
8.554629999999999654e+02
8.556349999999999909e+02
8.558079999999999927e+02
8.559800000000000182e+02
8.561530000000000200e+02
8.563250000000000455e+02
8.564980000000000473e+02
8.566699999999999591e+02
8.568429999999999609e+02
8.570149999999999864e+02
8.571870000000000118e+02
8.573600000000000136e+02
8.575320000000000391e+02
8.577050000000000409e+02
8.578769999999999527e+02
8.580489999999999782e+02
8.582210000000000036e+02
8.583940000000000055e+02
8.585660000000000309e+02
8.587380000000000564e+02
8.589099999999999682e+02
8.590829999999999700e+02
8.592549999999999955e+02
8.594270000000000209e+02
8.595990000000000464e+02
8.597709999999999582e+02
8.599429999999999836e+02
8.601150000000000091e+02
8.602870000000000346e+02
8.604589999999999463e+02
8.606309999999999718e+02
8.608029999999999973e+02
8.609750000000000227e+02
8.611470000000000482e+02
8.613189999999999600e+02
8.614909999999999854e+02
8.616630000000000109e+02
8.618350000000000364e+02
8.620069999999999482e+02
8.621789999999999736e+02
8.623500000000000227e+02
8.625220000000000482e+02
8.626939999999999600e+02
8.628659999999999854e+02
8.630380000000000109e+02
8.632089999999999463e+02
8.633809999999999718e+02
8.635529999999999973e+02
8.637240000000000464e+02
8.638959999999999582e+02
8.640679999999999836e+02
8.642390000000000327e+02
8.644109999999999445e+02
8.645819999999999936e+02
8.647540000000000191e+02
8.649249999999999545e+02
8.650969999999999800e+02
8.652680000000000291e+02
8.654400000000000546e+02
8.656109999999999900e+02
8.657830000000000155e+02
8.659539999999999509e+02
8.661259999999999764e+02
8.662970000000000255e+02
8.664679999999999609e+02
8.666399999999999864e+02
8.668110000000000355e+02
8.669819999999999709e+02
8.671539999999999964e+02
8.673250000000000455e+02
8.674959999999999809e+02
8.676670000000000300e+02
8.678379999999999654e+02
8.680099999999999909e+02
8.681810000000000400e+02
8.683519999999999754e+02
8.685230000000000246e+02
8.686939999999999600e+02
8.688650000000000091e+02
8.690359999999999445e+02
8.692069999999999936e+02
8.693780000000000427e+02
8.695489999999999782e+02
8.697200000000000273e+02
8.698909999999999627e+02
8.700620000000000118e+02
8.702329999999999472e+02
8.704039999999999964e+02
8.705750000000000455e+02
8.707459999999999809e+02
8.709170000000000300e+02
8.710869999999999891e+02
8.712580000000000382e+02
8.714289999999999736e+02
8.716000000000000227e+02
8.717709999999999582e+02
8.719410000000000309e+02
8.721119999999999663e+02
8.722830000000000155e+02
8.724529999999999745e+02
8.726240000000000236e+02
8.727949999999999591e+02
8.729650000000000318e+02
8.731359999999999673e+02
8.733060000000000400e+02
8.734769999999999754e+02
8.736480000000000246e+02
8.738179999999999836e+02
8.739890000000000327e+02
8.741589999999999918e+02
8.743289999999999509e+02
8.745000000000000000e+02
8.746699999999999591e+02
8.748410000000000082e+02
8.750109999999999673e+02
8.751810000000000400e+02
8.753519999999999754e+02
8.755220000000000482e+02
8.756920000000000073e+02
8.758630000000000564e+02
8.760330000000000155e+02
8.762029999999999745e+02
8.763730000000000473e+02
8.765439999999999827e+02
8.767140000000000555e+02
8.768840000000000146e+02
8.770539999999999736e+02
8.772240000000000464e+02
8.773940000000000055e+02
8.775639999999999645e+02
8.777340000000000373e+02
8.779039999999999964e+02
8.780739999999999554e+02
8.782440000000000282e+02
8.784139999999999873e+02
8.785839999999999463e+02
8.787540000000000191e+02
8.789239999999999782e+02
8.790940000000000509e+02
8.792640000000000100e+02
8.794339999999999691e+02
8.796040000000000418e+02
8.797740000000000009e+02
8.799429999999999836e+02
8.801130000000000564e+02
8.802830000000000155e+02
8.804529999999999745e+02
8.806219999999999573e+02
8.807920000000000300e+02
8.809619999999999891e+02
8.811309999999999718e+02
8.813010000000000446e+02
8.814710000000000036e+02
8.816399999999999864e+02
8.818099999999999454e+02
8.819790000000000418e+02
8.821490000000000009e+02
8.823179999999999836e+02
8.824880000000000564e+02
8.826570000000000391e+02
8.828269999999999982e+02
8.829959999999999809e+02
8.831660000000000537e+02
8.833350000000000364e+02
8.835049999999999955e+02
8.836739999999999782e+02
8.838429999999999609e+02
8.840130000000000337e+02
8.841820000000000164e+02
8.843509999999999991e+02
8.845199999999999818e+02
8.846900000000000546e+02
8.848590000000000373e+02
8.850280000000000200e+02
8.851970000000000027e+02
8.853669999999999618e+02
8.855359999999999445e+02
8.857050000000000409e+02
8.858740000000000236e+02
8.860430000000000064e+02
8.862119999999999891e+02
8.863809999999999718e+02
8.865499999999999545e+02
8.867190000000000509e+02
8.868880000000000337e+02
8.870570000000000164e+02
8.872259999999999991e+02
8.873949999999999818e+02
8.875639999999999645e+02
8.877329999999999472e+02
8.879020000000000437e+02
8.880710000000000264e+02
8.882390000000000327e+02
8.884080000000000155e+02
8.885769999999999982e+02
8.887459999999999809e+02
8.889139999999999873e+02
8.890829999999999700e+02
8.892519999999999527e+02
8.894210000000000491e+02
8.895890000000000555e+02
8.897580000000000382e+02
8.899270000000000209e+02
8.900950000000000273e+02
8.902640000000000100e+02
8.904320000000000164e+02
8.906009999999999991e+02
8.907690000000000055e+02
8.909379999999999882e+02
8.911059999999999945e+02
8.912749999999999773e+02
8.914429999999999836e+02
8.916119999999999663e+02
8.917799999999999727e+02
8.919489999999999554e+02
8.921169999999999618e+02
8.922849999999999682e+02
8.924539999999999509e+02
8.926219999999999573e+02
8.927899999999999636e+02
8.929579999999999700e+02
8.931269999999999527e+02
8.932949999999999591e+02
8.934629999999999654e+02
8.936309999999999718e+02
8.937999999999999545e+02
8.939679999999999609e+02
8.941359999999999673e+02
8.943039999999999736e+02
8.944719999999999800e+02
8.946399999999999864e+02
8.948079999999999927e+02
8.949759999999999991e+02
8.951440000000000055e+02
8.953120000000000118e+02
8.954800000000000182e+02
8.956480000000000246e+02
8.958160000000000309e+02
8.959840000000000373e+02
8.961520000000000437e+02
8.963200000000000500e+02
8.964880000000000564e+02
8.966549999999999727e+02
8.968229999999999791e+02
8.969909999999999854e+02
8.971589999999999918e+02
8.973269999999999982e+02
8.974940000000000282e+02
8.976620000000000346e+02
8.978300000000000409e+02
8.979969999999999573e+02
8.981649999999999636e+02
8.983329999999999700e+02
8.985000000000000000e+02
8.986680000000000064e+02
8.988350000000000364e+02
8.990030000000000427e+02
8.991699999999999591e+02
8.993379999999999654e+02
8.995049999999999955e+02
8.996730000000000018e+02
8.998400000000000318e+02
9.000080000000000382e+02
9.001749999999999545e+02
9.003429999999999609e+02
9.005099999999999909e+02
9.006770000000000209e+02
9.008450000000000273e+02
9.010119999999999436e+02
9.011789999999999736e+02
9.013460000000000036e+02
9.015140000000000100e+02
9.016810000000000400e+02
9.018479999999999563e+02
9.020149999999999864e+02
9.021829999999999927e+02
9.023500000000000227e+02
9.025170000000000528e+02
9.026839999999999691e+02
9.028509999999999991e+02
9.030180000000000291e+02
9.031849999999999454e+02
9.033519999999999754e+02
9.035190000000000055e+02
9.036860000000000355e+02
9.038529999999999518e+02
9.040199999999999818e+02
9.041870000000000118e+02
9.043540000000000418e+02
9.045209999999999582e+02
9.046879999999999882e+02
9.048540000000000418e+02
9.050209999999999582e+02
9.051879999999999882e+02
9.053550000000000182e+02
9.055220000000000482e+02
9.056879999999999882e+02
9.058550000000000182e+02
9.060220000000000482e+02
9.061879999999999882e+02
9.063550000000000182e+02
9.065220000000000482e+02
9.066879999999999882e+02
9.068550000000000182e+02
9.070220000000000482e+02
9.071879999999999882e+02
9.073550000000000182e+02
9.075209999999999582e+02
9.076879999999999882e+02
9.078540000000000418e+02
9.080209999999999582e+02
9.081870000000000118e+02
9.083540000000000418e+02
9.085199999999999818e+02
9.086860000000000355e+02
9.088529999999999518e+02
9.090190000000000055e+02
9.091849999999999454e+02
9.093519999999999754e+02
9.095180000000000291e+02
9.096839999999999691e+02
9.098500000000000227e+02
9.100170000000000528e+02
9.101829999999999927e+02
9.103490000000000464e+02
9.105149999999999864e+02
9.106810000000000400e+02
9.108469999999999800e+02
9.110130000000000337e+02
9.111799999999999500e+02
9.113460000000000036e+02
9.115119999999999436e+02
9.116779999999999973e+02
9.118440000000000509e+02
9.120099999999999909e+02
9.121760000000000446e+02
9.123410000000000082e+02
9.125069999999999482e+02
9.126730000000000018e+02
9.128390000000000555e+02
9.130049999999999955e+02
9.131710000000000491e+02
9.133369999999999891e+02
9.135019999999999527e+02
9.136680000000000064e+02
9.138339999999999463e+02
9.140000000000000000e+02
9.141649999999999636e+02
9.143310000000000173e+02
9.144969999999999573e+02
9.146620000000000346e+02
9.148279999999999745e+02
9.149940000000000282e+02
9.151589999999999918e+02
9.153250000000000455e+02
9.154900000000000091e+02
9.156559999999999491e+02
9.158210000000000264e+02
9.159869999999999663e+02
9.161520000000000437e+02
9.163179999999999836e+02
9.164829999999999472e+02
9.166490000000000009e+02
9.168139999999999645e+02
9.169790000000000418e+02
9.171449999999999818e+02
9.173099999999999454e+02
9.174750000000000227e+02
9.176409999999999627e+02
9.178060000000000400e+02
9.179710000000000036e+02
9.181359999999999673e+02
9.183010000000000446e+02
9.184669999999999845e+02
9.186319999999999482e+02
9.187970000000000255e+02
9.189619999999999891e+02
9.191269999999999527e+02
9.192920000000000300e+02
9.194569999999999936e+02
9.196219999999999573e+02
9.197870000000000346e+02
9.199519999999999982e+02
9.201169999999999618e+02
9.202820000000000391e+02
9.204470000000000027e+02
9.206119999999999663e+02
9.207770000000000437e+02
9.209420000000000073e+02
9.211069999999999709e+02
9.212709999999999582e+02
9.214360000000000355e+02
9.216009999999999991e+02
9.217659999999999627e+02
9.219310000000000400e+02
9.220950000000000273e+02
9.222599999999999909e+02
9.224249999999999545e+02
9.225890000000000555e+02
9.227540000000000191e+02
9.229189999999999827e+02
9.230829999999999700e+02
9.232480000000000473e+02
9.234120000000000346e+02
9.235769999999999982e+02
9.237409999999999854e+02
9.239059999999999491e+02
9.240700000000000500e+02
9.242350000000000136e+02
9.243990000000000009e+02
9.245639999999999645e+02
9.247279999999999518e+02
9.248920000000000528e+02
9.250570000000000164e+02
9.252210000000000036e+02
9.253849999999999909e+02
9.255499999999999545e+02
9.257140000000000555e+02
9.258780000000000427e+02
9.260430000000000064e+02
9.262069999999999936e+02
9.263709999999999809e+02
9.265349999999999682e+02
9.266989999999999554e+02
9.268630000000000564e+02
9.270280000000000200e+02
9.271920000000000073e+02
9.273559999999999945e+02
9.275199999999999818e+02
9.276839999999999691e+02
9.278479999999999563e+02
9.280119999999999436e+02
9.281760000000000446e+02
9.283400000000000318e+02
9.285040000000000191e+02
9.286670000000000300e+02
9.288310000000000173e+02
9.289950000000000045e+02
9.291589999999999918e+02
9.293229999999999791e+02
9.294869999999999663e+02
9.296499999999999773e+02
9.298139999999999645e+02
9.299779999999999518e+02
9.301420000000000528e+02
9.303049999999999500e+02
9.304690000000000509e+02
9.306330000000000382e+02
9.307960000000000491e+02
9.309600000000000364e+02
9.311240000000000236e+02
9.312870000000000346e+02
9.314510000000000218e+02
9.316140000000000327e+02
9.317780000000000200e+02
9.319410000000000309e+02
9.321050000000000182e+02
9.322680000000000291e+02
9.324310000000000400e+02
9.325950000000000273e+02
9.327580000000000382e+02
9.329220000000000255e+02
9.330850000000000364e+02
9.332480000000000473e+02
9.334120000000000346e+02
9.335750000000000455e+02
9.337380000000000564e+02
9.339009999999999536e+02
9.340650000000000546e+02
9.342279999999999518e+02
9.343909999999999627e+02
9.345539999999999736e+02
9.347169999999999845e+02
9.348799999999999955e+02
9.350430000000000064e+02
9.352069999999999936e+02
9.353700000000000045e+02
9.355330000000000155e+02
9.356960000000000264e+02
9.358590000000000373e+02
9.360220000000000482e+02
9.361849999999999454e+02
9.363479999999999563e+02
9.365099999999999909e+02
9.366730000000000018e+02
9.368360000000000127e+02
9.369990000000000236e+02
9.371620000000000346e+02
9.373250000000000455e+02
9.374869999999999663e+02
9.376499999999999773e+02
9.378129999999999882e+02
9.379759999999999991e+02
9.381380000000000337e+02
9.383010000000000446e+02
9.384640000000000555e+02
9.386259999999999764e+02
9.387889999999999873e+02
9.389519999999999982e+02
9.391140000000000327e+02
9.392770000000000437e+02
9.394389999999999645e+02
9.396019999999999754e+02
9.397640000000000100e+02
9.399270000000000209e+02
9.400890000000000555e+02
9.402519999999999527e+02
9.404139999999999873e+02
9.405760000000000218e+02
9.407390000000000327e+02
9.409009999999999536e+02
9.410629999999999882e+02
9.412259999999999991e+02
9.413880000000000337e+02
9.415499999999999545e+02
9.417119999999999891e+02
